156, 93, 216
163, 94, 228
162, 87, 232
165, 85, 238
166, 82, 241
164, 78, 244
160, 72, 240
157, 68, 238
155, 67, 237
156, 69, 237
162, 73, 236
163, 76, 234
161, 76, 234
159, 75, 233
155, 75, 228
154, 78, 226
155, 87, 226
163, 88, 233
166, 86, 239
165, 80, 242
166, 78, 246
168, 76, 249
166, 72, 250
164, 70, 249
164, 70, 249
164, 70, 249
165, 71, 249
166, 69, 243
168, 72, 243
167, 72, 246
164, 72, 243
159, 70, 240
156, 72, 238
154, 77, 234
164, 84, 237
164, 79, 241
168, 77, 246
170, 75, 249
169, 74, 249
168, 72, 250
169, 71, 249
168, 72, 250
170, 72, 248
171, 73, 249
170, 71, 247
171, 72, 248
171, 73, 249
169, 74, 249
165, 72, 247
161, 73, 243
157, 75, 241
166, 85, 234
166, 82, 238
169, 80, 243
170, 78, 245
171, 76, 244
171, 76, 244
172, 77, 242
171, 77, 242
171, 76, 240
171, 76, 240
175, 76, 245
173, 74, 244
170, 73, 243
169, 73, 243
166, 75, 244
164, 76, 243
160, 77, 239
169, 88, 235
171, 85, 239
174, 84, 243
175, 82, 243
176, 82, 243
176, 82, 243
176, 82, 243
176, 83, 242
175, 82, 241
177, 81, 241
177, 78, 242
174, 75, 239
169, 71, 237
167, 72, 237
168, 73, 241
167, 78, 242
164, 78, 240
172, 85, 235
176, 86, 239
175, 84, 239
176, 83, 241
176, 83, 242
177, 81, 242
177, 81, 242
177, 81, 242
177, 80, 244
177, 81, 242
177, 78, 240
176, 77, 239
176, 77, 241
174, 77, 241
172, 77, 242
170, 75, 243
168, 76, 243
174, 85, 235
176, 86, 236
175, 84, 237
177, 83, 238
178, 83, 241
178, 83, 241
180, 82, 242
178, 82, 243
178, 81, 245
178, 82, 243
178, 80, 240
178, 80, 240
177, 79, 239
177, 78, 240
175, 77, 243
172, 77, 242
172, 76, 244
174, 86, 234
176, 86, 236
177, 84, 235
179, 83, 237
180, 84, 238
180, 83, 239
183, 83, 242
181, 84, 242
182, 84, 244
182, 84, 244
182, 82, 241
182, 82, 241
179, 82, 240
179, 81, 241
177, 81, 242
174, 79, 243
174, 79, 243
176, 86, 235
178, 86, 235
179, 84, 235
181, 84, 235
182, 85, 236
183, 85, 239
184, 86, 240
185, 87, 241
186, 87, 243
186, 87, 243
184, 84, 243
184, 84, 243
182, 85, 243
181, 84, 242
179, 83, 243
177, 84, 243
175, 83, 242
179, 87, 236
180, 86, 235
181, 84, 234
184, 85, 235
185, 86, 236
186, 86, 238
187, 87, 239
188, 88, 240
189, 89, 241
188, 90, 244
186, 86, 245
184, 87, 245
183, 86, 244
183, 86, 242
181, 87, 242
178, 86, 241
177, 87, 240
181, 86, 237
182, 85, 236
184, 84, 236
185, 85, 237
186, 86, 238
187, 88, 238
188, 89, 239
189, 90, 240
190, 91, 241
188, 91, 242
187, 87, 246
185, 87, 247
184, 87, 245
182, 88, 243
180, 89, 242
178, 89, 239
176, 90, 238
181, 84, 240
182, 83, 239
186, 85, 240
186, 85, 240
188, 86, 241
189, 88, 240
189, 89, 241
189, 89, 241
190, 91, 241
188, 90, 244
187, 87, 247
185, 86, 248
183, 88, 246
180, 89, 242
179, 90, 240
177, 91, 239
173, 93, 236
182, 84, 244
182, 82, 242
187, 85, 244
187, 85, 244
187, 86, 242
188, 87, 242
189, 88, 243
188, 91, 242
190, 90, 242
188, 90, 244
185, 87, 247
183, 87, 248
181, 88, 246
180, 90, 243
177, 91, 239
173, 93, 236
172, 96, 232
184, 85, 247
187, 88, 250
188, 87, 249
188, 87, 249
188, 88, 248
189, 89, 248
189, 90, 246
188, 92, 246
191, 93, 247
190, 93, 249
180, 87, 246
185, 93, 252
187, 96, 251
181, 95, 243
175, 95, 238
176, 100, 236
175, 103, 233
180, 83, 247
184, 87, 251
187, 88, 252
186, 87, 249
186, 87, 249
186, 89, 247
187, 90, 248
186, 92, 247
188, 94, 248
187, 96, 249
183, 92, 249
183, 95, 249
183, 97, 245
178, 99, 240
178, 102, 237
176, 107, 234
169, 105, 225
143, 117, 211
155, 125, 228
152, 115, 231
150, 107, 234
155, 103, 244
157, 101, 250
156, 95, 251
158, 94, 254
157, 93, 253
156, 92, 251
158, 94, 248
156, 95, 247
157, 97, 245
155, 98, 243
158, 103, 250
151, 98, 242
158, 124, 232
152, 116, 230
150, 106, 229
156, 106, 240
158, 104, 247
156, 98, 247
158, 95, 251
160, 94, 253
160, 93, 252
160, 93, 252
160, 93, 250
159, 95, 249
159, 95, 248
158, 97, 247
158, 100, 249
156, 101, 248
157, 114, 235
153, 109, 234
158, 108, 240
168, 113, 252
167, 108, 253
159, 96, 246
163, 97, 252
162, 95, 252
164, 95, 252
163, 94, 251
163, 94, 251
163, 94, 251
163, 95, 250
161, 95, 250
161, 97, 250
163, 102, 252
159, 110, 242
158, 107, 241
160, 105, 244
168, 108, 250
170, 108, 252
170, 104, 253
170, 101, 252
169, 99, 253
168, 98, 252
167, 96, 252
168, 95, 251
166, 95, 251
166, 95, 251
164, 96, 251
165, 99, 254
163, 99, 252
163, 107, 249
163, 105, 247
161, 101, 243
165, 101, 244
171, 105, 248
176, 110, 253
174, 105, 250
173, 104, 249
172, 102, 249
170, 99, 249
170, 97, 249
168, 97, 248
168, 96, 250
166, 95, 251
169, 98, 254
167, 100, 253
163, 104, 249
169, 108, 252
174, 110, 253
173, 107, 248
173, 106, 245
174, 107, 246
177, 109, 248
176, 108, 247
175, 106, 247
173, 103, 247
171, 100, 246
170, 99, 246
168, 97, 247
168, 97, 248
168, 96, 250
172, 102, 255
167, 105, 253
168, 106, 250
170, 107, 247
173, 109, 245
175, 109, 244
176, 110, 243
180, 111, 245
180, 111, 245
180, 111, 245
179, 110, 245
175, 107, 246
173, 104, 245
171, 101, 245
169, 100, 245
169, 98, 249
165, 96, 247
168, 105, 251
168, 106, 249
172, 107, 246
173, 110, 244
175, 111, 241
176, 111, 240
181, 114, 243
180, 113, 242
180, 113, 242
177, 111, 242
175, 108, 243
174, 106, 243
172, 104, 243
170, 102, 243
172, 102, 249
170, 102, 251
168, 106, 249
169, 108, 248
173, 109, 245
173, 110, 243
176, 112, 241
176, 113, 239
179, 115, 241
178, 114, 240
178, 114, 240
177, 112, 241
176, 110, 241
174, 109, 242
172, 106, 241
169, 104, 243
171, 105, 248
172, 108, 251
169, 108, 248
169, 109, 247
172, 111, 245
174, 111, 244
174, 112, 242
176, 112, 241
178, 115, 241
178, 115, 241
178, 114, 243
177, 113, 242
176, 112, 242
173, 110, 243
172, 109, 243
169, 107, 243
169, 107, 245
167, 107, 245
169, 110, 248
170, 110, 248
170, 111, 246
173, 112, 246
175, 112, 245
175, 112, 245
176, 113, 246
176, 113, 246
176, 113, 246
174, 114, 246
174, 114, 246
171, 112, 246
170, 111, 245
168, 111, 244
167, 110, 243
162, 108, 239
167, 111, 248
170, 111, 249
170, 111, 249
171, 111, 249
173, 111, 247
174, 112, 248
176, 112, 248
174, 112, 248
175, 113, 249
173, 114, 249
173, 114, 249
171, 113, 248
170, 112, 247
168, 113, 246
168, 114, 245
164, 113, 240
166, 112, 249
168, 112, 249
170, 111, 250
172, 111, 251
172, 110, 253
172, 110, 253
174, 110, 253
172, 110, 253
173, 112, 252
173, 112, 252
173, 114, 252
170, 114, 251
170, 114, 251
169, 114, 247
165, 114, 242
168, 121, 243
164, 112, 250
166, 110, 252
169, 110, 254
169, 110, 254
171, 109, 255
171, 109, 255
171, 110, 254
171, 110, 254
172, 112, 254
173, 114, 253
171, 115, 252
171, 115, 250
170, 114, 249
168, 117, 245
161, 114, 236
169, 129, 241
160, 107, 251
165, 111, 255
167, 112, 255
164, 108, 255
165, 107, 255
166, 108, 255
163, 106, 251
170, 114, 255
176, 119, 255
174, 118, 255
170, 117, 250
172, 120, 251
176, 123, 250
174, 126, 246
182, 143, 252
154, 123, 222
206, 177, 255
208, 175, 255
206, 171, 255
209, 171, 255
211, 172, 255
213, 172, 255
215, 173, 255
217, 175, 255
220, 175, 255
221, 176, 255
220, 175, 255
219, 174, 255
218, 173, 255
216, 171, 255
212, 168, 255
209, 167, 255
205, 163, 251
195, 155, 243
183, 145, 233
172, 138, 225
206, 172, 255
204, 166, 254
205, 164, 255
208, 165, 255
210, 167, 254
214, 169, 255
217, 172, 255
221, 173, 255
223, 173, 255
223, 173, 255
223, 172, 255
223, 172, 255
220, 169, 255
220, 169, 255
217, 168, 255
212, 165, 255
208, 161, 253
201, 157, 248
196, 152, 243
190, 149, 240
204, 165, 251
212, 170, 255
217, 173, 255
216, 170, 255
214, 167, 253
218, 172, 255
221, 174, 255
225, 176, 255
225, 174, 255
226, 173, 255
227, 173, 255
228, 174, 255
226, 172, 255
225, 174, 255
225, 173, 255
222, 171, 255
218, 167, 255
213, 165, 254
211, 163, 252
207, 162, 255
210, 168, 253
208, 163, 249
213, 166, 252
220, 171, 255
219, 171, 253
220, 172, 254
222, 174, 255
225, 176, 255
228, 176, 255
230, 175, 255
230, 175, 255
230, 175, 255
230, 175, 255
229, 174, 255
228, 173, 255
226, 173, 255
225, 171, 255
222, 171, 255
218, 167, 255
211, 164, 255
212, 168, 251
216, 168, 250
219, 171, 250
220, 172, 250
220, 172, 250
220, 174, 251
223, 175, 253
224, 176, 254
230, 177, 255
230, 177, 255
232, 176, 255
232, 176, 255
232, 176, 255
231, 175, 255
230, 174, 255
229, 175, 255
229, 174, 255
225, 173, 255
222, 170, 254
215, 166, 255
218, 171, 250
223, 174, 250
225, 174, 248
223, 172, 246
220, 174, 247
220, 174, 250
223, 176, 252
224, 177, 253
229, 177, 255
229, 177, 255
231, 176, 255
233, 176, 255
234, 176, 255
233, 175, 255
233, 175, 255
231, 175, 255
232, 176, 255
229, 175, 255
226, 172, 255
219, 169, 255
221, 170, 250
226, 174, 251
230, 175, 248
226, 173, 246
221, 175, 248
221, 176, 249
222, 176, 249
223, 177, 250
226, 177, 253
229, 177, 254
231, 177, 254
233, 177, 254
232, 175, 254
232, 175, 254
232, 175, 254
231, 176, 255
232, 176, 255
231, 175, 255
227, 174, 254
221, 170, 255
223, 169, 252
229, 172, 251
233, 174, 249
229, 174, 247
222, 176, 249
219, 176, 251
221, 175, 251
222, 175, 251
225, 176, 252
228, 176, 253
230, 175, 254
231, 176, 255
229, 174, 253
228, 173, 252
228, 172, 253
229, 173, 254
230, 174, 255
228, 175, 255
226, 173, 253
220, 169, 255
226, 168, 255
229, 170, 251
235, 173, 251
232, 175, 250
222, 175, 251
219, 176, 251
221, 175, 252
221, 175, 251
222, 174, 252
225, 175, 253
228, 176, 254
230, 175, 254
228, 172, 253
228, 172, 253
228, 172, 253
229, 173, 254
228, 174, 255
228, 175, 255
225, 171, 254
219, 168, 255
228, 167, 255
230, 169, 255
236, 173, 253
232, 173, 253
223, 175, 253
217, 175, 252
219, 174, 253
220, 174, 251
221, 173, 252
224, 173, 253
227, 174, 254
228, 175, 255
230, 174, 255
229, 173, 255
227, 173, 255
228, 174, 255
229, 174, 255
228, 174, 255
224, 172, 255
219, 168, 255
228, 166, 255
234, 170, 255
236, 171, 255
231, 171, 255
223, 173, 255
217, 172, 255
218, 171, 255
218, 172, 255
220, 171, 255
222, 172, 255
225, 173, 255
228, 173, 255
231, 175, 255
231, 175, 255
230, 173, 255
231, 174, 255
232, 175, 255
231, 175, 255
226, 172, 255
222, 170, 254
225, 165, 255
231, 167, 255
237, 169, 255
232, 168, 255
222, 169, 255
217, 169, 255
218, 167, 255
218, 168, 255
221, 170, 255
222, 170, 255
225, 171, 255
228, 173, 255
226, 169, 254
227, 170, 255
230, 174, 255
233, 174, 255
233, 173, 255
231, 172, 253
230, 171, 252
229, 173, 255
225, 168, 255
232, 170, 255
236, 171, 255
232, 171, 255
222, 169, 255
217, 169, 255
218, 167, 255
218, 168, 255
220, 169, 255
221, 170, 255
223, 172, 255
225, 172, 255
229, 174, 255
229, 173, 255
228, 172, 255
230, 172, 253
232, 173, 254
233, 174, 255
235, 176, 255
234, 178, 255
223, 168, 255
229, 172, 255
232, 173, 253
230, 173, 252
221, 170, 255
218, 170, 255
218, 170, 255
218, 171, 255
220, 171, 255
221, 172, 255
222, 173, 255
225, 173, 255
228, 177, 255
229, 176, 255
228, 175, 255
229, 173, 254
229, 173, 254
233, 175, 255
234, 176, 255
231, 178, 255
217, 166, 255
222, 170, 254
224, 172, 249
223, 172, 246
220, 173, 252
217, 171, 253
217, 172, 251
217, 172, 251
219, 172, 251
220, 174, 251
221, 174, 253
222, 174, 252
220, 172, 250
224, 176, 254
229, 179, 255
227, 177, 255
228, 175, 255
229, 176, 255
230, 177, 255
226, 178, 255
207, 161, 255
213, 167, 250
217, 171, 247
218, 173, 246
217, 174, 249
217, 174, 249
216, 173, 248
216, 173, 248
217, 174, 249
217, 174, 249
218, 174, 251
221, 175, 252
218, 172, 249
224, 178, 255
226, 180, 255
223, 177, 254
221, 175, 252
226, 180, 255
230, 184, 255
228, 185, 255
207, 155, 249
208, 155, 252
208, 154, 253
208, 154, 254
207, 152, 255
206, 150, 255
205, 149, 255
205, 148, 255
205, 148, 255
204, 148, 255
203, 147, 254
203, 147, 254
201, 147, 254
204, 148, 255
204, 149, 252
204, 150, 249
205, 153, 247
201, 149, 243
194, 145, 237
192, 147, 234
208, 154, 251
207, 153, 250
206, 151, 250
205, 149, 250
204, 148, 251
203, 146, 251
203, 145, 253
205, 147, 255
205, 147, 255
204, 146, 255
204, 146, 255
204, 146, 255
202, 145, 254
203, 145, 254
203, 145, 253
209, 153, 255
204, 148, 249
200, 144, 245
200, 146, 245
201, 151, 245
212, 153, 251
212, 152, 252
209, 152, 251
210, 150, 251
207, 148, 252
208, 146, 252
205, 146, 251
207, 147, 255
207, 147, 255
206, 146, 254
206, 145, 255
206, 145, 255
203, 145, 254
203, 145, 254
203, 145, 253
205, 146, 251
202, 143, 248
201, 142, 246
201, 145, 248
203, 149, 248
215, 154, 250
214, 153, 251
211, 151, 251
212, 150, 250
210, 150, 251
211, 148, 250
208, 147, 251
209, 147, 253
209, 147, 253
208, 146, 252
206, 146, 254
206, 146, 254
205, 145, 253
205, 145, 253
205, 145, 253
205, 143, 249
202, 143, 248
202, 143, 248
201, 145, 248
202, 148, 248
217, 154, 250
217, 153, 252
214, 153, 251
213, 151, 251
212, 150, 250
212, 149, 251
211, 148, 250
209, 148, 252
209, 148, 252
208, 146, 252
208, 146, 252
206, 146, 254
205, 145, 253
205, 145, 253
205, 145, 253
208, 146, 252
208, 147, 251
207, 146, 250
204, 145, 249
201, 145, 246
217, 153, 252
216, 152, 251
216, 152, 251
215, 151, 250
215, 151, 250
212, 150, 250
212, 150, 250
211, 148, 250
211, 148, 250
208, 147, 251
208, 147, 251
206, 147, 252
205, 146, 251
205, 145, 253
205, 146, 251
209, 148, 252
209, 149, 250
209, 149, 250
205, 147, 248
200, 144, 245
217, 152, 251
215, 151, 250
215, 151, 250
215, 151, 250
214, 150, 249
212, 150, 250
212, 150, 250
211, 148, 250
211, 148, 250
208, 147, 251
208, 147, 251
206, 147, 252
205, 146, 251
205, 145, 253
205, 146, 251
208, 145, 247
209, 147, 247
207, 147, 247
204, 147, 246
201, 145, 246
216, 150, 251
215, 149, 250
215, 149, 250
214, 150, 250
214, 150, 250
212, 150, 250
211, 149, 249
211, 148, 250
211, 148, 250
208, 147, 251
208, 146, 252
206, 146, 254
205, 145, 253
205, 144, 254
205, 146, 251
207, 145, 245
207, 146, 244
205, 146, 244
203, 146, 244
202, 147, 246
214, 150, 249
215, 150, 249
214, 150, 249
213, 149, 249
213, 149, 249
211, 149, 249
211, 149, 249
211, 148, 250
211, 148, 252
208, 147, 251
208, 146, 252
208, 146, 252
205, 146, 251
207, 145, 253
207, 146, 250
206, 147, 245
205, 147, 242
204, 145, 243
203, 146, 244
203, 149, 246
212, 152, 246
214, 152, 246
212, 151, 247
212, 151, 249
212, 150, 250
212, 150, 250
212, 149, 251
212, 149, 253
211, 148, 252
211, 148, 252
211, 148, 252
211, 148, 252
208, 147, 251
210, 147, 251
208, 148, 249
206, 148, 243
206, 148, 243
206, 147, 245
203, 146, 244
202, 147, 246
212, 154, 243
212, 152, 246
212, 152, 246
212, 151, 249
212, 151, 249
212, 149, 251
212, 149, 251
212, 149, 253
211, 148, 252
211, 148, 252
211, 148, 252
211, 148, 250
210, 147, 249
210, 147, 249
210, 148, 248
206, 148, 243
206, 148, 243
205, 146, 244
203, 146, 245
201, 145, 246
212, 154, 243
212, 152, 246
212, 152, 246
212, 151, 249
212, 151, 249
212, 149, 251
212, 149, 251
212, 149, 253
211, 148, 252
211, 148, 252
211, 148, 252
211, 148, 250
210, 147, 249
210, 147, 249
210, 148, 248
209, 148, 246
206, 148, 243
205, 146, 244
202, 145, 244
200, 144, 245
212, 154, 243
212, 152, 246
212, 152, 246
212, 151, 249
212, 151, 249
212, 149, 251
212, 149, 251
212, 149, 253
211, 148, 252
211, 148, 252
211, 148, 252
211, 148, 250
210, 147, 249
210, 147, 249
210, 148, 248
209, 148, 246
208, 147, 245
205, 145, 245
203, 143, 244
200, 141, 245
210, 154, 243
210, 153, 246
210, 153, 246
210, 151, 249
210, 151, 249
210, 150, 251
210, 150, 251
210, 149, 253
209, 148, 252
209, 148, 252
209, 148, 252
209, 149, 250
208, 148, 249
208, 148, 249
210, 147, 249
209, 147, 247
208, 146, 246
205, 145, 246
203, 142, 246
200, 141, 246
210, 154, 243
210, 153, 246
210, 153, 246
210, 151, 249
210, 151, 249
210, 150, 251
210, 150, 251
210, 149, 253
209, 148, 252
209, 148, 252
209, 148, 252
209, 149, 250
208, 148, 249
208, 148, 249
208, 148, 249
209, 147, 247
210, 145, 247
207, 144, 248
203, 142, 246
200, 140, 248
208, 154, 243
208, 153, 246
208, 153, 246
208, 151, 249
208, 151, 249
208, 150, 251
208, 150, 251
208, 149, 253
207, 148, 252
207, 148, 252
207, 148, 252
207, 149, 250
206, 148, 249
206, 148, 249
208, 148, 249
209, 146, 248
210, 145, 247
207, 144, 248
204, 143, 247
201, 141, 249
208, 154, 243
208, 153, 246
208, 153, 246
208, 151, 249
208, 151, 249
208, 150, 251
208, 150, 251
208, 149, 253
207, 148, 252
207, 148, 252
207, 148, 252
207, 149, 250
206, 148, 249
206, 148, 249
206, 148, 249
209, 146, 248
208, 145, 247
207, 144, 248
204, 143, 247
201, 142, 247
208, 157, 245
208, 155, 248
207, 154, 247
206, 152, 249
206, 152, 249
206, 150, 251
206, 150, 251
206, 150, 253
206, 150, 253
206, 150, 253
206, 150, 253
206, 150, 251
205, 149, 250
205, 149, 250
206, 148, 249
212, 150, 250
209, 147, 247
208, 145, 247
206, 146, 247
204, 145, 249
202, 151, 239
203, 150, 243
204, 151, 244
206, 152, 249
207, 153, 250
206, 150, 251
205, 149, 250
206, 150, 253
206, 150, 253
206, 150, 253
206, 150, 253
206, 150, 251
205, 149, 250
204, 148, 249
204, 148, 249
204, 144, 244
205, 145, 245
204, 144, 244
201, 144, 243
197, 142, 241
205, 155, 243
204, 153, 245
205, 154, 246
207, 154, 251
206, 153, 250
203, 149, 249
200, 146, 246
204, 149, 252
205, 150, 253
205, 150, 253
205, 150, 253
205, 151, 251
204, 150, 250
203, 149, 249
204, 148, 249
205, 145, 245
207, 148, 246
207, 148, 246
202, 145, 243
195, 142, 236
208, 158, 246
205, 154, 246
205, 154, 246
206, 153, 250
206, 153, 250
203, 149, 249
200, 146, 246
204, 149, 252
204, 149, 252
205, 150, 253
205, 150, 253
204, 150, 250
204, 150, 250
203, 149, 249
202, 148, 247
205, 148, 246
206, 150, 245
205, 149, 244
200, 147, 240
196, 145, 235
200, 152, 240
199, 150, 242
200, 151, 243
203, 152, 249
205, 154, 251
205, 153, 253
203, 151, 251
202, 149, 252
202, 149, 252
202, 149, 252
202, 149, 252
202, 150, 250
201, 149, 249
201, 149, 249
202, 148, 247
201, 148, 242
201, 149, 239
198, 146, 236
196, 146, 234
197, 150, 236
169, 78, 247
171, 76, 250
171, 76, 250
171, 76, 251
171, 76, 250
171, 76, 250
171, 76, 251
170, 73, 253
171, 74, 254
175, 77, 253
176, 80, 251
176, 80, 250
175, 81, 246
173, 79, 244
172, 78, 243
170, 78, 243
169, 80, 244
175, 77, 251
175, 76, 252
175, 76, 252
175, 77, 251
174, 78, 249
174, 78, 249
174, 77, 251
174, 75, 255
176, 76, 255
177, 78, 254
178, 81, 251
178, 83, 247
177, 83, 244
176, 83, 242
174, 81, 242
170, 79, 242
167, 80, 244
177, 76, 251
177, 76, 252
177, 76, 252
177, 76, 251
175, 77, 249
175, 77, 249
175, 77, 251
176, 76, 255
179, 77, 255
180, 79, 254
181, 82, 251
181, 84, 248
178, 84, 245
177, 83, 244
175, 82, 243
171, 79, 244
169, 79, 246
180, 77, 252
180, 76, 253
180, 77, 252
180, 78, 250
178, 79, 249
178, 79, 249
178, 78, 250
178, 77, 253
178, 77, 253
181, 79, 251
180, 81, 250
180, 83, 247
179, 83, 244
178, 82, 243
176, 81, 245
174, 79, 247
169, 79, 246
182, 76, 253
182, 77, 252
182, 77, 252
182, 77, 250
180, 78, 249
180, 79, 248
180, 78, 249
179, 76, 251
179, 76, 251
182, 78, 249
180, 80, 246
180, 81, 245
178, 82, 243
177, 80, 244
175, 80, 244
174, 79, 247
172, 79, 248
185, 77, 254
185, 77, 253
185, 78, 251
185, 79, 250
183, 80, 249
183, 81, 247
181, 80, 249
181, 77, 248
181, 77, 248
181, 79, 245
181, 79, 244
179, 80, 242
179, 80, 242
177, 80, 244
175, 80, 245
176, 80, 248
173, 80, 249
187, 77, 255
187, 78, 254
187, 79, 252
186, 80, 251
184, 81, 250
184, 82, 248
184, 82, 248
182, 79, 248
182, 79, 248
182, 80, 245
181, 80, 242
181, 80, 242
180, 81, 243
178, 81, 245
176, 81, 246
176, 80, 248
173, 80, 249
187, 77, 255
189, 78, 254
187, 79, 252
186, 80, 251
186, 81, 248
184, 82, 248
184, 82, 247
184, 82, 248
183, 81, 247
183, 82, 244
182, 82, 242
182, 82, 242
181, 83, 243
179, 83, 244
178, 83, 247
175, 80, 248
172, 82, 249
183, 73, 251
183, 74, 250
183, 75, 248
183, 77, 248
184, 79, 246
183, 81, 247
184, 82, 247
179, 80, 244
178, 79, 241
177, 79, 239
178, 81, 239
180, 83, 241
179, 83, 243
176, 82, 243
174, 81, 244
172, 83, 247
173, 86, 250
181, 73, 249
182, 74, 247
181, 75, 246
182, 76, 246
181, 78, 247
182, 80, 246
181, 82, 246
179, 80, 242
176, 80, 240
175, 80, 238
176, 81, 239
176, 83, 241
177, 84, 242
176, 84, 243
171, 83, 243
171, 85, 245
169, 87, 246
178, 73, 246
180, 73, 246
178, 74, 245
177, 76, 245
176, 77, 246
177, 79, 245
175, 80, 244
174, 80, 241
173, 80, 239
172, 81, 238
173, 82, 237
175, 84, 239
174, 86, 240
172, 86, 240
168, 85, 241
171, 90, 246
167, 92, 244
176, 74, 245
176, 74, 245
176, 74, 245
175, 76, 245
173, 77, 245
174, 79, 244
174, 81, 244
170, 80, 240
169, 80, 237
167, 80, 237
168, 82, 236
171, 86, 238
170, 87, 239
169, 88, 239
164, 87, 238
165, 91, 241
163, 94, 239
176, 77, 246
175, 76, 245
173, 77, 245
172, 77, 245
171, 79, 246
172, 80, 247
170, 81, 245
166, 80, 240
165, 81, 237
165, 81, 237
166, 83, 236
167, 86, 237
166, 88, 236
164, 88, 236
159, 88, 235
157, 88, 233
155, 93, 231
173, 79, 244
173, 78, 246
172, 77, 245
170, 78, 245
169, 79, 246
169, 79, 246
168, 81, 245
166, 82, 241
163, 82, 238
162, 81, 237
163, 84, 235
165, 86, 237
163, 87, 235
159, 88, 235
156, 87, 232
151, 88, 228
150, 93, 225
170, 79, 242
170, 78, 243
167, 77, 244
167, 77, 244
166, 78, 246
165, 78, 246
163, 79, 245
165, 83, 242
162, 84, 239
161, 83, 238
159, 85, 235
160, 86, 236
158, 87, 234
156, 87, 232
153, 87, 228
143, 84, 219
141, 88, 215
165, 79, 239
165, 79, 241
164, 78, 240
163, 77, 241
163, 77, 241
162, 79, 242
160, 80, 241
162, 85, 242
161, 85, 240
157, 84, 236
157, 86, 233
157, 88, 233
155, 89, 230
151, 89, 225
148, 90, 222
128, 77, 199
124, 80, 193
161, 83, 238
159, 81, 236
158, 80, 235
158, 80, 235
158, 80, 235
159, 82, 234
158, 83, 235
159, 86, 238
159, 88, 239
157, 89, 236
154, 88, 231
148, 86, 222
142, 85, 214
138, 84, 207
133, 87, 199
120, 80, 181
102, 70, 159
157, 86, 232
157, 86, 232
157, 86, 232
157, 87, 231
157, 88, 229
159, 87, 229
157, 89, 228
154, 88, 231
151, 88, 228
149, 87, 225
144, 86, 218
137, 83, 207
128, 79, 195
118, 74, 181
112, 74, 170
91, 61, 144
76, 52, 122
159, 100, 234
165, 103, 239
159, 94, 233
159, 89, 233
166, 93, 239
168, 91, 242
164, 84, 237
166, 82, 240
167, 83, 242
169, 83, 245
169, 84, 246
170, 84, 246
169, 84, 246
168, 83, 245
167, 82, 244
165, 79, 241
167, 78, 241
167, 78, 242
164, 76, 243
164, 75, 245
161, 98, 238
162, 96, 239
158, 89, 234
161, 87, 235
168, 91, 242
170, 90, 243
167, 84, 240
167, 82, 240
167, 81, 241
169, 83, 245
169, 83, 245
169, 83, 245
169, 83, 245
168, 82, 244
167, 81, 243
166, 77, 240
166, 77, 240
166, 77, 241
166, 76, 243
164, 75, 245
161, 90, 240
161, 89, 239
162, 87, 239
165, 87, 242
167, 86, 242
168, 84, 242
168, 83, 241
167, 81, 241
169, 81, 241
170, 81, 244
171, 82, 245
171, 82, 245
170, 81, 244
169, 80, 243
168, 79, 242
166, 77, 241
166, 77, 241
166, 77, 241
166, 76, 243
163, 75, 243
161, 87, 243
165, 88, 245
170, 91, 248
171, 89, 248
169, 85, 244
169, 83, 243
172, 86, 246
168, 80, 240
169, 81, 241
172, 81, 244
173, 82, 245
171, 82, 245
170, 81, 244
169, 80, 243
168, 79, 242
167, 78, 242
166, 77, 241
166, 77, 241
163, 75, 242
163, 75, 243
163, 84, 247
165, 85, 246
168, 85, 247
169, 84, 246
169, 83, 245
168, 82, 244
169, 80, 243
173, 82, 245
173, 82, 245
173, 83, 243
172, 82, 242
170, 81, 244
170, 81, 244
170, 81, 244
169, 80, 243
166, 77, 241
166, 76, 243
164, 76, 243
163, 75, 242
163, 75, 243
164, 82, 248
167, 83, 249
168, 85, 248
170, 83, 247
169, 82, 246
170, 81, 244
169, 80, 243
173, 82, 245
173, 82, 245
173, 83, 243
172, 82, 242
170, 81, 244
170, 81, 244
169, 80, 243
169, 80, 244
165, 75, 242
163, 75, 242
162, 74, 241
161, 75, 241
161, 75, 241
164, 82, 249
167, 82, 250
167, 83, 249
170, 83, 247
169, 82, 246
170, 81, 244
171, 80, 243
173, 83, 243
173, 83, 243
172, 82, 242
172, 82, 242
170, 81, 244
169, 80, 243
167, 81, 243
167, 80, 244
162, 74, 242
161, 74, 242
160, 74, 240
160, 74, 240
160, 74, 240
163, 80, 249
166, 81, 249
167, 83, 249
170, 82, 249
169, 82, 246
170, 81, 244
171, 81, 241
172, 82, 242
172, 82, 242
172, 82, 242
170, 82, 242
169, 80, 243
167, 81, 243
167, 81, 243
166, 80, 244
161, 74, 242
161, 73, 243
161, 74, 242
159, 75, 241
159, 76, 239
162, 79, 248
165, 80, 248
166, 82, 248
169, 81, 248
169, 82, 246
170, 81, 244
169, 81, 241
172, 82, 242
172, 82, 241
170, 82, 242
169, 81, 241
169, 80, 243
167, 81, 243
166, 79, 243
165, 79, 245
163, 75, 245
161, 75, 245
161, 76, 244
159, 77, 243
159, 78, 241
162, 79, 248
165, 80, 248
166, 82, 248
168, 82, 246
169, 83, 245
170, 82, 242
169, 81, 241
172, 82, 241
170, 83, 241
169, 81, 241
167, 81, 241
167, 81, 243
165, 80, 242
165, 79, 243
163, 79, 245
162, 76, 246
160, 76, 248
161, 78, 247
159, 80, 245
159, 80, 243
161, 78, 247
164, 79, 247
166, 82, 248
168, 82, 246
169, 83, 245
170, 82, 242
169, 82, 240
169, 82, 240
169, 82, 240
169, 81, 241
167, 81, 241
166, 80, 242
165, 80, 242
165, 79, 243
163, 78, 246
161, 77, 249
159, 77, 249
159, 78, 247
159, 79, 246
160, 81, 244
161, 78, 247
164, 79, 247
165, 81, 247
168, 82, 246
168, 83, 245
168, 82, 242
167, 81, 241
169, 81, 241
167, 81, 241
167, 81, 243
166, 81, 243
165, 79, 243
163, 80, 243
163, 79, 245
161, 79, 246
160, 77, 246
159, 77, 249
159, 78, 247
157, 80, 245
157, 83, 243
196, 144, 252
203, 148, 255
199, 142, 251
200, 142, 250
201, 143, 251
203, 143, 251
203, 143, 251
201, 141, 249
202, 140, 248
199, 140, 245
205, 143, 249
203, 144, 249
200, 143, 248
199, 144, 247
198, 143, 246
195, 142, 245
193, 143, 245
192, 140, 247
192, 138, 251
195, 139, 252
196, 141, 250
196, 142, 249
197, 139, 251
202, 143, 255
202, 144, 253
204, 143, 253
204, 143, 253
205, 142, 252
204, 141, 251
203, 141, 249
204, 139, 248
201, 139, 247
206, 141, 250
204, 142, 248
201, 142, 247
199, 142, 247
198, 141, 246
197, 141, 246
194, 141, 244
194, 140, 247
195, 136, 250
196, 137, 252
198, 140, 252
198, 141, 250
203, 143, 255
205, 143, 255
206, 145, 255
205, 144, 254
206, 143, 253
205, 142, 252
206, 140, 251
206, 140, 251
206, 141, 250
206, 141, 250
204, 139, 248
204, 139, 248
201, 139, 245
199, 140, 245
199, 140, 245
197, 140, 245
196, 141, 244
196, 140, 245
203, 144, 255
201, 141, 255
202, 140, 253
200, 142, 251
203, 141, 254
206, 142, 255
205, 142, 252
205, 142, 252
207, 141, 252
206, 140, 251
208, 140, 251
208, 140, 251
208, 141, 250
208, 141, 250
209, 142, 251
207, 142, 251
204, 142, 248
201, 142, 247
201, 142, 247
199, 142, 247
199, 143, 246
199, 142, 247
203, 143, 251
203, 142, 252
205, 143, 251
205, 145, 253
205, 141, 254
206, 142, 255
205, 142, 252
205, 142, 252
206, 140, 251
206, 140, 251
208, 140, 251
208, 141, 250
208, 141, 250
208, 141, 250
209, 142, 251
209, 143, 249
206, 142, 248
203, 141, 247
201, 142, 247
201, 142, 247
199, 143, 246
201, 142, 246
205, 143, 249
204, 142, 248
205, 144, 248
206, 145, 249
206, 140, 251
207, 141, 254
204, 141, 251
204, 142, 250
206, 141, 250
206, 141, 250
208, 141, 250
208, 141, 250
210, 142, 251
210, 142, 249
209, 143, 249
209, 143, 249
206, 142, 248
203, 142, 246
201, 142, 246
201, 142, 246
199, 143, 246
202, 143, 247
204, 144, 245
205, 142, 244
206, 144, 244
206, 146, 246
206, 140, 253
206, 140, 253
204, 141, 251
204, 142, 250
206, 141, 250
206, 141, 250
208, 141, 250
209, 143, 249
210, 142, 249
209, 143, 249
210, 144, 250
207, 144, 248
206, 143, 247
204, 143, 247
201, 142, 246
199, 143, 244
200, 144, 247
202, 144, 245
203, 143, 243
205, 144, 242
206, 145, 243
208, 147, 245
205, 138, 253
205, 138, 253
203, 140, 250
203, 141, 247
206, 142, 248
206, 142, 248
209, 143, 249
209, 143, 248
209, 143, 248
210, 144, 249
210, 144, 249
208, 145, 247
207, 144, 246
204, 144, 245
202, 144, 245
200, 145, 244
200, 144, 245
200, 145, 244
203, 144, 242
205, 144, 240
206, 145, 241
208, 147, 245
205, 137, 254
204, 136, 253
203, 140, 250
203, 141, 247
205, 141, 247
206, 143, 247
209, 143, 248
209, 143, 248
210, 144, 249
210, 145, 247
208, 145, 247
208, 145, 247
205, 145, 246
202, 145, 244
200, 145, 244
200, 145, 244
199, 145, 244
201, 147, 244
204, 145, 243
205, 144, 240
206, 145, 241
206, 147, 245
205, 136, 255
203, 135, 254
202, 139, 249
201, 142, 246
203, 142, 246
204, 143, 247
207, 144, 248
207, 144, 246
208, 145, 247
208, 145, 247
209, 146, 248
208, 146, 246
205, 145, 245
203, 146, 245
200, 145, 244
200, 146, 243
200, 147, 244
201, 147, 244
205, 146, 244
206, 145, 243
205, 146, 244
206, 147, 245
207, 137, 254
202, 135, 250
204, 139, 248
203, 142, 246
205, 142, 246
206, 143, 247
207, 144, 246
208, 145, 247
208, 145, 247
208, 145, 247
209, 147, 247
206, 146, 246
205, 145, 245
203, 146, 245
202, 145, 243
200, 146, 243
201, 147, 244
201, 147, 244
205, 146, 244
207, 146, 244
205, 146, 244
207, 148, 246
210, 139, 249
204, 136, 243
207, 140, 245
206, 140, 245
207, 142, 244
207, 142, 244
208, 143, 245
208, 143, 245
207, 144, 246
207, 144, 246
207, 147, 247
207, 147, 247
206, 147, 245
203, 146, 244
203, 146, 244
204, 147, 245
205, 148, 246
205, 148, 246
205, 147, 242
205, 147, 242
206, 148, 243
207, 148, 246
211, 142, 247
207, 138, 243
207, 140, 245
207, 140, 245
208, 142, 244
208, 142, 244
208, 143, 245
209, 144, 246
207, 144, 246
207, 144, 246
209, 147, 247
207, 147, 247
205, 145, 245
205, 146, 244
203, 146, 244
203, 146, 244
205, 148, 246
205, 148, 246
204, 145, 243
205, 147, 242
206, 148, 243
204, 147, 245
212, 141, 251
208, 138, 245
207, 140, 245
207, 140, 245
208, 141, 246
209, 142, 247
208, 142, 247
209, 143, 248
209, 144, 246
208, 145, 247
209, 146, 248
208, 146, 246
205, 145, 245
204, 144, 244
204, 144, 244
205, 145, 245
204, 147, 246
205, 148, 246
203, 144, 242
204, 145, 243
203, 146, 244
204, 147, 245
210, 141, 252
208, 140, 249
207, 139, 246
208, 141, 246
208, 141, 246
209, 142, 247
209, 143, 248
209, 143, 248
210, 144, 249
210, 145, 247
209, 146, 248
208, 145, 247
205, 145, 246
204, 144, 244
204, 144, 244
205, 145, 245
204, 147, 246
205, 148, 247
203, 143, 243
202, 145, 243
203, 146, 244
202, 148, 245
207, 140, 255
208, 139, 253
208, 140, 249
208, 140, 247
208, 142, 248
208, 142, 248
209, 143, 249
210, 144, 249
210, 144, 249
210, 144, 249
208, 145, 249
208, 145, 247
207, 144, 246
206, 143, 245
204, 144, 245
205, 145, 246
206, 146, 247
206, 146, 246
202, 145, 244
202, 145, 244
203, 146, 244
202, 148, 245
205, 140, 255
205, 138, 253
207, 139, 250
207, 141, 247
208, 142, 248
209, 143, 249
209, 143, 249
210, 144, 250
210, 144, 249
211, 145, 250
208, 145, 249
207, 144, 248
206, 143, 245
205, 142, 244
203, 143, 244
204, 144, 245
205, 145, 246
206, 146, 247
203, 146, 245
201, 146, 245
202, 148, 245
202, 149, 246
202, 138, 255
201, 138, 254
205, 139, 250
206, 141, 250
206, 141, 250
207, 142, 251
207, 143, 249
208, 144, 250
209, 145, 251
209, 145, 251
208, 145, 249
207, 144, 248
206, 143, 247
205, 142, 246
203, 143, 244
204, 144, 245
205, 145, 246
206, 146, 247
204, 146, 247
202, 147, 246
203, 149, 246
202, 149, 246
199, 139, 255
198, 137, 253
204, 141, 251
204, 142, 250
206, 141, 250
205, 143, 251
208, 144, 250
206, 144, 250
209, 145, 251
207, 145, 251
208, 145, 249
205, 144, 248
206, 143, 247
203, 142, 246
203, 143, 244
204, 144, 245
205, 145, 246
204, 146, 247
203, 147, 248
202, 148, 247
202, 149, 246
200, 150, 244
195, 138, 253
199, 140, 254
195, 134, 244
202, 143, 248
207, 145, 251
202, 143, 248
201, 139, 245
199, 140, 245
201, 140, 244
199, 140, 244
203, 142, 246
201, 142, 246
204, 144, 245
204, 144, 245
204, 144, 245
204, 144, 245
204, 144, 244
202, 145, 244
202, 146, 247
201, 147, 246
204, 151, 248
204, 154, 248
