240, 236, 124
245, 236, 125
247, 236, 124
248, 236, 124
248, 237, 123
250, 238, 120
248, 240, 117
250, 241, 114
250, 241, 114
248, 237, 116
248, 236, 118
250, 236, 118
248, 236, 118
249, 235, 117
247, 235, 117
249, 235, 117
247, 235, 117
248, 234, 116
245, 233, 115
245, 231, 113
242, 230, 112
242, 235, 120
248, 237, 123
250, 236, 123
250, 236, 123
250, 237, 121
252, 238, 120
250, 239, 117
252, 240, 116
252, 240, 116
250, 236, 116
250, 236, 118
252, 235, 118
250, 236, 118
251, 234, 117
249, 235, 117
251, 234, 117
249, 235, 117
250, 233, 116
247, 233, 115
247, 230, 113
244, 230, 112
251, 242, 125
251, 237, 124
251, 237, 124
253, 237, 124
252, 236, 123
252, 237, 121
252, 238, 118
252, 239, 117
252, 239, 117
252, 236, 116
252, 235, 118
252, 235, 118
252, 235, 118
251, 234, 117
251, 234, 117
251, 234, 117
251, 234, 117
250, 233, 116
249, 232, 115
247, 230, 113
246, 229, 112
252, 241, 127
250, 236, 124
252, 235, 124
254, 235, 124
253, 234, 123
253, 235, 122
253, 235, 120
253, 236, 119
253, 237, 117
251, 235, 115
251, 235, 115
251, 235, 115
251, 235, 115
250, 234, 114
250, 234, 114
250, 234, 114
250, 234, 114
247, 231, 111
247, 231, 111
247, 231, 111
246, 230, 110
252, 238, 125
252, 235, 124
252, 235, 125
253, 233, 124
253, 233, 124
253, 233, 124
253, 234, 123
252, 234, 119
252, 235, 118
251, 235, 115
251, 235, 115
251, 235, 115
250, 234, 114
250, 234, 114
250, 234, 114
249, 233, 113
249, 233, 113
247, 231, 111
247, 231, 111
246, 230, 110
245, 229, 109
250, 236, 123
252, 235, 124
251, 234, 124
253, 233, 126
253, 233, 126
252, 232, 123
252, 233, 122
252, 234, 121
251, 233, 118
250, 233, 116
250, 234, 114
250, 234, 114
250, 234, 114
249, 233, 113
249, 233, 113
249, 233, 113
249, 233, 113
246, 230, 110
246, 230, 110
245, 229, 109
245, 229, 109
249, 235, 122
251, 234, 123
251, 234, 124
253, 233, 126
252, 232, 125
252, 232, 123
251, 232, 121
251, 233, 120
250, 232, 117
249, 233, 113
249, 233, 113
249, 233, 113
249, 233, 113
248, 232, 112
248, 232, 112
248, 232, 112
248, 232, 112
245, 229, 109
245, 229, 109
245, 229, 109
244, 228, 108
248, 235, 119
251, 235, 122
251, 234, 123
252, 232, 123
252, 232, 123
249, 232, 121
248, 232, 119
247, 232, 116
247, 233, 115
246, 232, 112
246, 233, 111
246, 233, 111
246, 233, 111
245, 232, 110
245, 232, 110
245, 232, 110
245, 232, 110
242, 229, 107
242, 229, 107
242, 229, 107
241, 228, 106
246, 234, 116
251, 236, 120
251, 235, 122
252, 233, 122
251, 232, 121
248, 232, 119
247, 232, 116
246, 232, 114
246, 232, 112
245, 232, 110
245, 232, 110
245, 232, 110
245, 232, 110
244, 231, 109
244, 231, 109
244, 231, 109
244, 231, 109
241, 228, 106
241, 228, 106
241, 228, 106
241, 228, 106
246, 235, 114
251, 237, 117
250, 236, 118
250, 235, 119
249, 234, 118
247, 233, 115
246, 232, 112
244, 233, 111
243, 233, 109
243, 232, 110
243, 232, 110
242, 231, 109
242, 231, 109
242, 231, 109
241, 230, 108
241, 230, 108
241, 230, 108
238, 227, 105
238, 227, 105
238, 227, 105
238, 227, 105
245, 236, 115
249, 238, 117
248, 237, 116
249, 235, 117
246, 234, 116
245, 233, 115
244, 233, 112
243, 232, 110
241, 233, 110
242, 231, 110
242, 231, 110
242, 231, 110
242, 231, 109
241, 230, 108
241, 230, 108
241, 230, 108
241, 230, 108
238, 227, 105
238, 227, 105
238, 227, 106
236, 227, 106
252, 243, 122
245, 236, 115
244, 235, 114
246, 235, 114
243, 233, 115
243, 233, 116
241, 232, 115
240, 230, 116
240, 230, 116
241, 231, 114
243, 231, 113
246, 232, 114
246, 232, 112
245, 232, 110
244, 231, 109
242, 229, 107
241, 228, 106
238, 227, 106
236, 225, 104
234, 224, 106
234, 224, 110
247, 237, 119
245, 236, 115
245, 237, 114
244, 235, 114
244, 234, 116
242, 233, 116
241, 231, 117
239, 231, 118
240, 229, 117
240, 229, 115
243, 231, 113
245, 231, 113
245, 231, 111
245, 231, 111
243, 230, 108
242, 229, 107
241, 227, 107
238, 227, 106
236, 226, 108
237, 226, 112
234, 225, 114
244, 235, 118
244, 236, 117
244, 236, 115
244, 236, 115
243, 235, 116
242, 233, 116
242, 232, 118
239, 231, 118
241, 231, 117
240, 230, 113
242, 230, 112
242, 230, 112
242, 231, 110
243, 229, 109
242, 228, 108
241, 227, 107
240, 226, 106
237, 225, 107
236, 225, 111
237, 224, 114
234, 224, 117
244, 238, 125
243, 236, 119
243, 237, 118
242, 236, 117
242, 236, 117
243, 234, 117
240, 233, 116
240, 233, 118
240, 233, 118
240, 230, 113
240, 230, 112
242, 230, 112
241, 230, 109
240, 229, 108
240, 228, 110
241, 227, 109
238, 226, 108
235, 221, 108
235, 222, 112
234, 221, 115
231, 219, 118
244, 241, 133
240, 236, 123
241, 236, 121
241, 237, 119
240, 236, 118
242, 235, 118
239, 235, 117
238, 233, 118
240, 233, 118
239, 230, 113
239, 231, 112
239, 229, 111
238, 228, 110
238, 228, 110
237, 227, 110
239, 226, 110
237, 226, 112
233, 220, 110
234, 221, 117
232, 220, 119
229, 217, 123
223, 219, 107
226, 219, 110
226, 218, 111
225, 217, 110
225, 217, 110
224, 217, 108
224, 217, 108
223, 216, 105
223, 216, 105
224, 217, 106
223, 216, 105
221, 215, 102
219, 213, 100
217, 212, 97
215, 210, 95
215, 210, 95
219, 213, 100
227, 220, 109
229, 219, 111
228, 218, 110
227, 217, 109
226, 216, 108
226, 216, 108
225, 216, 105
225, 216, 105
224, 215, 104
223, 214, 103
222, 214, 101
220, 212, 99
219, 211, 98
219, 211, 98
218, 210, 97
237, 230, 113
230, 221, 110
229, 219, 111
229, 219, 111
228, 218, 110
227, 217, 109
226, 216, 108
225, 216, 105
225, 216, 105
223, 214, 103
223, 214, 103
222, 214, 101
221, 213, 100
220, 212, 99
220, 212, 99
220, 212, 99
228, 220, 101
230, 222, 109
229, 220, 109
228, 219, 108
227, 218, 107
226, 217, 106
225, 216, 105
224, 215, 104
224, 215, 104
224, 215, 104
223, 214, 103
222, 213, 102
221, 212, 101
220, 211, 100
220, 211, 100
220, 211, 100
229, 220, 99
231, 220, 108
228, 219, 108
228, 219, 108
227, 218, 107
225, 216, 105
224, 215, 104
224, 215, 104
223, 214, 103
224, 215, 104
224, 215, 104
222, 213, 102
221, 212, 101
220, 211, 100
219, 210, 99
219, 210, 99
229, 220, 99
229, 218, 106
229, 218, 107
228, 217, 106
228, 217, 106
228, 217, 106
227, 216, 105
227, 216, 105
227, 216, 105
225, 214, 103
225, 214, 103
224, 213, 102
222, 211, 100
221, 210, 99
220, 209, 98
219, 208, 97
229, 219, 101
230, 218, 106
228, 217, 106
228, 217, 106
228, 217, 106
228, 217, 106
227, 216, 105
227, 216, 105
227, 216, 105
225, 214, 103
225, 214, 103
224, 213, 102
222, 211, 100
221, 210, 99
220, 209, 98
219, 208, 97
230, 220, 103
229, 217, 105
228, 217, 105
228, 217, 105
228, 217, 105
227, 216, 104
227, 216, 104
227, 216, 105
227, 216, 105
225, 214, 103
224, 213, 102
223, 211, 103
222, 210, 102
221, 209, 101
219, 207, 99
218, 206, 98
230, 219, 105
229, 217, 105
228, 217, 105
228, 217, 105
227, 216, 104
227, 216, 104
227, 216, 104
226, 215, 104
226, 215, 104
225, 214, 103
224, 213, 102
223, 211, 103
222, 210, 102
220, 208, 100
219, 207, 99
218, 206, 98
230, 218, 106
229, 217, 105
229, 218, 104
228, 217, 103
228, 217, 103
228, 216, 104
227, 215, 103
227, 214, 104
227, 214, 104
225, 212, 102
225, 212, 102
224, 211, 103
222, 209, 101
221, 207, 101
220, 206, 100
219, 205, 99
230, 217, 107
228, 216, 104
228, 217, 103
228, 217, 103
228, 217, 103
227, 215, 103
227, 215, 103
227, 214, 104
227, 214, 104
225, 212, 102
224, 211, 101
223, 210, 102
222, 209, 101
221, 207, 101
219, 205, 99
218, 204, 98
230, 217, 109
228, 216, 104
228, 217, 103
228, 217, 103
227, 216, 102
227, 215, 103
227, 215, 103
227, 214, 104
226, 213, 103
225, 212, 102
224, 211, 101
223, 210, 102
222, 209, 101
220, 206, 100
219, 205, 99
218, 204, 98
232, 216, 110
230, 215, 105
230, 216, 104
230, 216, 104
227, 215, 103
229, 215, 103
227, 215, 103
226, 214, 102
226, 214, 102
224, 211, 101
224, 211, 101
223, 210, 100
222, 209, 101
220, 206, 100
218, 205, 99
218, 203, 100
238, 216, 114
237, 215, 113
232, 213, 108
229, 211, 104
226, 210, 103
229, 212, 102
228, 214, 102
228, 214, 102
228, 214, 101
225, 213, 101
222, 210, 98
220, 209, 98
220, 208, 100
220, 207, 101
217, 206, 102
221, 207, 105
240, 216, 116
236, 214, 112
234, 213, 108
229, 210, 105
228, 210, 103
228, 211, 101
227, 213, 101
227, 213, 100
225, 214, 100
224, 213, 99
222, 212, 98
221, 210, 99
219, 209, 101
217, 206, 102
212, 203, 100
213, 201, 100
252, 248, 177
250, 246, 168
253, 247, 164
255, 249, 162
255, 247, 157
255, 246, 152
255, 247, 153
255, 247, 159
255, 245, 157
253, 244, 154
252, 243, 153
253, 245, 152
254, 246, 152
254, 247, 150
253, 247, 148
250, 244, 145
254, 248, 149
254, 249, 147
250, 245, 143
251, 245, 146
255, 249, 150
255, 248, 150
253, 245, 144
253, 247, 142
255, 255, 151
255, 254, 155
250, 246, 157
245, 244, 164
254, 248, 173
253, 247, 170
253, 246, 167
254, 245, 165
254, 243, 161
255, 242, 159
255, 242, 156
253, 243, 155
253, 245, 155
253, 245, 155
253, 245, 155
254, 245, 155
253, 245, 152
252, 244, 151
252, 244, 150
255, 245, 151
255, 246, 149
254, 245, 148
254, 245, 148
254, 245, 148
254, 245, 148
255, 244, 148
254, 245, 147
255, 248, 147
255, 252, 150
253, 248, 149
249, 244, 151
253, 250, 165
253, 247, 170
252, 246, 169
251, 245, 168
252, 244, 167
253, 243, 165
255, 242, 164
254, 242, 160
253, 245, 156
253, 245, 155
254, 246, 156
254, 246, 156
254, 245, 155
254, 245, 155
253, 244, 154
252, 244, 151
255, 245, 153
255, 245, 151
255, 245, 151
254, 244, 150
255, 244, 150
255, 244, 150
255, 244, 150
254, 245, 148
255, 246, 148
255, 251, 152
255, 248, 151
252, 245, 152
253, 247, 158
252, 247, 168
252, 246, 169
251, 245, 168
252, 244, 167
253, 243, 165
255, 243, 165
255, 244, 162
254, 245, 158
252, 246, 157
253, 247, 158
253, 247, 158
255, 247, 158
254, 246, 156
253, 245, 155
253, 245, 155
255, 246, 156
254, 246, 153
253, 245, 152
253, 245, 152
254, 243, 151
254, 243, 151
254, 243, 151
255, 245, 151
255, 245, 151
255, 248, 151
255, 248, 154
253, 246, 153
250, 244, 155
250, 246, 167
250, 246, 168
250, 246, 168
250, 244, 167
252, 244, 167
255, 244, 166
255, 245, 163
254, 247, 162
252, 248, 160
254, 247, 160
254, 248, 159
254, 247, 160
253, 247, 158
255, 247, 158
254, 246, 156
255, 247, 158
254, 246, 156
254, 245, 155
253, 245, 152
253, 244, 154
253, 245, 152
255, 244, 154
255, 244, 152
255, 245, 153
255, 244, 152
255, 246, 152
255, 247, 154
251, 243, 153
249, 245, 166
247, 245, 167
247, 245, 167
250, 246, 168
251, 245, 168
253, 246, 167
253, 246, 166
254, 248, 165
252, 249, 164
254, 249, 164
254, 250, 162
254, 249, 164
253, 249, 161
254, 247, 160
254, 248, 159
254, 247, 160
253, 247, 158
254, 246, 157
253, 245, 155
252, 244, 155
252, 244, 154
253, 243, 155
253, 243, 155
255, 246, 158
254, 243, 153
254, 243, 151
255, 247, 154
253, 246, 153
247, 246, 165
245, 246, 166
245, 245, 167
248, 246, 168
250, 246, 168
251, 245, 168
251, 246, 167
253, 249, 168
253, 249, 166
254, 250, 167
254, 251, 166
253, 249, 166
255, 250, 165
254, 249, 164
253, 249, 161
253, 248, 163
254, 247, 160
253, 246, 159
252, 246, 157
251, 244, 157
252, 244, 155
252, 243, 156
253, 243, 156
255, 246, 160
255, 242, 156
254, 243, 153
253, 245, 152
254, 246, 153
247, 246, 165
245, 246, 166
245, 245, 167
246, 246, 170
248, 246, 168
250, 246, 168
250, 246, 167
253, 249, 170
254, 251, 170
254, 251, 170
254, 252, 168
254, 251, 170
254, 250, 167
253, 249, 166
253, 250, 165
252, 248, 165
253, 248, 163
252, 247, 162
250, 246, 158
249, 244, 159
251, 244, 157
250, 243, 158
252, 242, 158
255, 245, 163
255, 244, 161
255, 244, 156
252, 244, 151
253, 245, 151
245, 247, 165
245, 246, 166
243, 246, 167
246, 246, 170
246, 246, 170
250, 246, 168
250, 246, 168
254, 250, 171
254, 250, 171
255, 251, 172
255, 252, 171
254, 251, 170
254, 251, 170
254, 250, 169
253, 249, 166
252, 248, 165
251, 247, 164
252, 246, 163
251, 246, 161
249, 244, 159
249, 244, 159
250, 243, 158
252, 241, 159
255, 243, 164
255, 246, 165
255, 246, 160
251, 242, 152
251, 243, 149
245, 247, 165
245, 246, 166
243, 246, 167
245, 245, 169
245, 245, 169
249, 245, 167
249, 245, 167
250, 248, 170
251, 250, 170
251, 250, 170
252, 251, 171
254, 250, 171
253, 249, 170
253, 249, 170
252, 249, 168
252, 248, 167
252, 248, 167
251, 247, 166
251, 247, 164
252, 246, 163
250, 244, 161
249, 243, 160
250, 242, 159
252, 236, 159
255, 240, 161
255, 245, 162
255, 249, 161
255, 248, 155
246, 248, 166
246, 247, 167
244, 247, 168
246, 246, 170
248, 246, 168
250, 246, 168
250, 246, 168
253, 249, 171
251, 249, 171
252, 251, 171
252, 251, 171
254, 250, 171
254, 250, 171
253, 249, 170
253, 249, 170
252, 248, 167
252, 248, 167
252, 248, 167
252, 248, 167
252, 246, 163
251, 245, 162
250, 244, 161
251, 242, 162
254, 241, 163
255, 241, 164
255, 243, 160
254, 244, 156
251, 243, 153
247, 249, 167
247, 248, 168
245, 248, 169
247, 247, 169
249, 247, 169
251, 247, 169
251, 247, 168
253, 249, 171
254, 250, 172
254, 250, 172
255, 251, 173
255, 251, 172
254, 250, 171
255, 250, 171
254, 249, 170
253, 249, 168
253, 249, 168
255, 248, 168
255, 248, 168
254, 248, 165
253, 247, 164
251, 245, 162
253, 244, 164
255, 242, 164
255, 243, 164
255, 244, 160
251, 242, 155
247, 241, 152
249, 248, 168
247, 247, 169
247, 247, 169
247, 247, 169
249, 247, 169
252, 247, 168
252, 247, 168
255, 249, 172
254, 250, 172
254, 250, 172
255, 251, 173
255, 251, 172
254, 250, 171
255, 250, 171
255, 250, 171
254, 250, 169
254, 250, 169
255, 249, 169
255, 249, 169
255, 249, 166
254, 248, 165
253, 247, 164
254, 246, 163
252, 241, 161
254, 243, 163
255, 245, 161
252, 245, 158
248, 244, 156
249, 248, 168
247, 247, 169
247, 247, 169
249, 247, 169
251, 247, 169
252, 247, 168
252, 248, 167
254, 249, 170
255, 250, 171
255, 250, 171
255, 250, 171
255, 250, 171
255, 250, 171
255, 250, 170
255, 249, 169
255, 249, 169
255, 250, 170
255, 251, 168
255, 251, 168
255, 250, 167
255, 249, 166
255, 249, 164
255, 247, 164
254, 243, 161
255, 245, 163
255, 245, 161
251, 244, 159
251, 245, 162
249, 248, 168
247, 247, 169
249, 247, 169
251, 247, 169
252, 247, 168
254, 247, 168
254, 247, 167
253, 248, 169
254, 249, 170
254, 249, 170
255, 250, 171
255, 250, 171
254, 249, 170
255, 249, 169
255, 248, 168
255, 249, 169
255, 250, 167
255, 250, 167
255, 250, 167
255, 250, 167
255, 249, 166
255, 249, 164
255, 249, 164
255, 251, 166
255, 250, 165
252, 245, 160
248, 242, 159
250, 246, 165
248, 246, 168
246, 246, 168
248, 246, 168
250, 246, 168
251, 246, 167
255, 245, 167
255, 246, 166
254, 247, 168
253, 248, 169
255, 248, 168
255, 248, 168
255, 248, 168
255, 248, 168
255, 248, 168
254, 247, 167
255, 249, 166
255, 250, 167
255, 249, 167
255, 250, 166
255, 250, 166
255, 249, 165
255, 248, 164
255, 249, 164
255, 252, 167
255, 250, 165
252, 247, 162
251, 245, 162
253, 249, 170
243, 244, 172
243, 244, 170
245, 245, 169
249, 245, 167
250, 245, 166
252, 245, 165
252, 246, 163
252, 247, 168
252, 247, 168
252, 248, 167
253, 249, 168
253, 249, 168
252, 248, 167
252, 248, 167
252, 248, 165
255, 249, 166
255, 249, 166
255, 251, 166
255, 251, 166
255, 251, 166
255, 249, 166
255, 248, 165
254, 248, 165
252, 246, 163
252, 248, 165
253, 249, 168
255, 251, 173
253, 251, 180
241, 247, 160
246, 251, 160
248, 255, 158
250, 255, 155
246, 253, 149
248, 253, 148
247, 252, 147
246, 250, 144
244, 248, 142
246, 248, 142
247, 248, 144
249, 250, 146
251, 250, 146
252, 251, 147
252, 251, 147
250, 252, 146
250, 252, 146
248, 252, 146
249, 253, 147
249, 254, 149
254, 255, 155
252, 255, 158
251, 255, 160
247, 252, 161
248, 251, 166
249, 250, 170
245, 248, 156
247, 251, 155
248, 255, 151
250, 255, 150
246, 252, 145
248, 253, 144
248, 253, 144
249, 252, 143
248, 251, 142
247, 250, 141
249, 251, 145
252, 252, 146
255, 255, 149
255, 255, 148
255, 255, 148
255, 255, 146
253, 254, 144
250, 253, 143
251, 254, 144
250, 255, 146
251, 255, 149
254, 255, 154
255, 255, 159
253, 255, 159
252, 253, 161
251, 253, 164
245, 248, 149
246, 250, 147
246, 251, 146
245, 250, 141
245, 250, 141
249, 252, 142
251, 254, 144
253, 254, 144
252, 252, 144
251, 251, 143
252, 252, 146
255, 252, 147
255, 253, 145
255, 255, 146
255, 255, 148
255, 255, 145
255, 255, 143
253, 255, 142
253, 255, 142
252, 255, 145
247, 250, 140
250, 254, 148
253, 255, 152
253, 255, 155
253, 254, 158
254, 255, 161
245, 248, 145
250, 254, 149
253, 255, 151
254, 255, 148
247, 250, 141
249, 252, 143
254, 254, 146
254, 254, 146
253, 253, 147
252, 252, 146
254, 251, 147
254, 251, 146
252, 249, 141
255, 252, 143
255, 255, 146
255, 255, 144
255, 254, 142
254, 253, 141
253, 255, 142
254, 255, 145
255, 255, 146
254, 255, 148
254, 255, 150
252, 253, 150
253, 253, 153
254, 255, 157
251, 252, 149
252, 253, 150
253, 254, 150
255, 255, 150
252, 252, 146
252, 252, 146
252, 252, 146
252, 252, 146
254, 251, 147
254, 251, 147
254, 250, 148
254, 250, 148
255, 251, 146
255, 252, 144
255, 252, 144
255, 252, 143
254, 253, 143
254, 253, 143
254, 253, 143
254, 252, 144
255, 254, 146
254, 254, 146
254, 254, 148
254, 253, 149
254, 252, 150
252, 252, 152
251, 252, 149
251, 252, 149
253, 251, 149
254, 253, 149
252, 250, 148
252, 251, 147
252, 250, 148
252, 250, 148
254, 250, 148
254, 249, 150
254, 249, 150
254, 249, 150
255, 250, 147
255, 251, 146
255, 251, 146
255, 252, 144
254, 251, 146
254, 252, 144
254, 251, 146
254, 252, 144
255, 254, 146
255, 253, 148
254, 254, 148
254, 253, 149
254, 253, 149
254, 252, 150
253, 251, 151
252, 250, 150
252, 250, 150
252, 250, 148
252, 250, 150
252, 250, 148
252, 250, 150
252, 250, 150
252, 250, 150
252, 249, 151
252, 249, 151
252, 250, 150
254, 250, 148
254, 251, 147
254, 251, 147
254, 251, 146
254, 251, 147
254, 251, 146
254, 251, 147
254, 251, 146
255, 252, 147
255, 252, 147
255, 252, 147
255, 252, 147
255, 252, 147
255, 252, 148
253, 251, 151
253, 251, 149
252, 250, 150
252, 250, 150
252, 250, 150
252, 250, 150
252, 250, 150
252, 250, 150
252, 250, 150
252, 250, 150
252, 250, 150
252, 250, 150
253, 249, 147
253, 250, 146
253, 250, 146
253, 250, 146
253, 250, 146
253, 250, 146
253, 250, 146
253, 250, 145
255, 252, 147
255, 253, 145
255, 253, 145
255, 253, 145
255, 253, 145
255, 253, 145
254, 252, 150
253, 252, 148
253, 251, 149
253, 251, 149
250, 251, 148
250, 251, 148
250, 251, 148
250, 251, 148
250, 251, 148
250, 251, 148
250, 251, 148
250, 251, 147
251, 250, 146
251, 251, 145
251, 251, 145
251, 251, 145
251, 251, 145
251, 251, 145
251, 251, 145
251, 251, 143
253, 253, 145
253, 254, 144
255, 254, 144
255, 254, 144
255, 254, 142
255, 254, 142
253, 253, 147
253, 253, 147
254, 253, 149
254, 253, 149
250, 251, 147
250, 251, 147
250, 251, 147
250, 252, 146
250, 252, 146
250, 252, 146
250, 252, 146
250, 252, 146
251, 251, 145
251, 251, 143
251, 251, 145
251, 251, 143
251, 251, 145
251, 251, 143
251, 251, 143
251, 252, 142
252, 253, 143
252, 254, 141
254, 254, 140
254, 254, 140
254, 255, 139
254, 255, 139
250, 253, 144
250, 253, 144
250, 252, 146
250, 252, 146
250, 252, 146
250, 252, 146
248, 252, 146
248, 253, 144
248, 253, 144
248, 253, 144
248, 254, 143
248, 254, 143
248, 251, 141
248, 251, 141
248, 251, 142
248, 251, 141
248, 251, 142
248, 251, 141
250, 251, 141
250, 252, 139
252, 255, 140
252, 255, 139
252, 255, 137
252, 255, 137
252, 255, 136
252, 255, 136
249, 252, 143
249, 252, 143
248, 251, 142
248, 251, 142
252, 252, 144
250, 253, 144
250, 253, 144
248, 253, 144
248, 254, 143
248, 254, 143
248, 254, 143
248, 254, 143
248, 251, 141
248, 251, 141
248, 251, 141
248, 251, 141
248, 251, 141
248, 251, 141
250, 251, 141
250, 252, 139
252, 255, 140
252, 255, 139
252, 255, 137
250, 255, 137
252, 255, 136
252, 255, 136
251, 253, 147
252, 252, 146
252, 252, 144
252, 252, 144
255, 255, 145
253, 254, 144
253, 253, 145
251, 254, 145
249, 254, 145
248, 253, 144
247, 253, 144
248, 253, 144
249, 252, 142
251, 252, 142
251, 252, 142
251, 252, 142
251, 251, 143
251, 251, 143
249, 252, 143
249, 252, 142
248, 251, 141
248, 252, 139
249, 254, 139
247, 254, 139
249, 255, 138
249, 255, 138
253, 253, 147
252, 252, 144
254, 252, 144
254, 253, 143
255, 255, 145
255, 254, 144
253, 254, 144
253, 253, 145
251, 254, 145
248, 253, 144
248, 252, 146
248, 253, 144
251, 252, 142
251, 252, 142
251, 252, 142
251, 252, 142
251, 252, 142
251, 252, 142
249, 252, 143
249, 252, 142
248, 251, 141
248, 252, 139
247, 253, 140
247, 254, 139
247, 254, 139
247, 254, 139
253, 253, 147
253, 253, 145
254, 252, 144
254, 253, 143
255, 255, 145
255, 254, 142
253, 255, 142
253, 254, 144
251, 254, 144
248, 254, 143
248, 253, 144
248, 253, 144
251, 253, 140
253, 252, 140
253, 252, 140
253, 252, 140
251, 253, 140
251, 253, 140
251, 252, 142
251, 253, 140
248, 252, 139
248, 253, 138
249, 254, 139
249, 254, 139
247, 254, 139
247, 255, 138
253, 253, 145
253, 254, 144
255, 254, 144
255, 254, 142
255, 255, 143
255, 254, 142
255, 254, 142
253, 255, 142
251, 254, 144
250, 253, 143
248, 253, 144
250, 253, 143
251, 253, 140
253, 253, 139
253, 253, 139
253, 253, 139
251, 254, 139
251, 254, 139
251, 254, 139
251, 254, 139
248, 253, 138
248, 253, 138
249, 254, 139
249, 254, 139
247, 255, 138
247, 255, 138
254, 254, 146
255, 254, 144
255, 254, 142
255, 255, 141
255, 255, 142
255, 255, 141
255, 255, 141
253, 255, 141
251, 255, 142
250, 254, 141
248, 254, 143
250, 254, 141
251, 254, 139
253, 254, 138
253, 254, 138
253, 254, 138
253, 254, 138
253, 254, 138
251, 254, 138
251, 254, 138
250, 253, 137
250, 253, 137
249, 255, 138
249, 255, 138
249, 255, 138
249, 255, 138
255, 254, 146
255, 255, 145
255, 254, 142
255, 255, 141
255, 255, 142
255, 255, 141
255, 255, 141
253, 255, 141
253, 255, 142
250, 254, 141
248, 254, 143
250, 254, 141
251, 254, 139
253, 254, 138
253, 254, 138
253, 254, 138
253, 255, 136
253, 255, 136
251, 255, 136
251, 255, 136
250, 253, 137
250, 253, 137
249, 255, 138
249, 255, 138
249, 255, 138
249, 254, 139
255, 254, 146
255, 255, 145
255, 255, 143
255, 255, 143
255, 255, 142
255, 255, 141
255, 255, 141
253, 255, 141
253, 255, 142
250, 254, 141
248, 254, 143
250, 254, 141
251, 254, 139
253, 254, 138
253, 255, 136
253, 255, 136
253, 255, 136
253, 255, 136
251, 255, 136
251, 255, 136
250, 253, 137
250, 253, 137
249, 254, 139
249, 254, 139
249, 254, 139
249, 253, 140
254, 254, 146
255, 255, 145
255, 255, 145
255, 255, 143
255, 255, 143
255, 254, 142
255, 254, 142
253, 255, 142
251, 254, 144
248, 254, 143
248, 254, 143
248, 254, 143
251, 254, 139
253, 254, 138
253, 254, 138
253, 254, 138
253, 254, 138
251, 255, 136
251, 254, 138
251, 254, 138
250, 253, 137
248, 253, 138
249, 253, 140
249, 253, 140
249, 252, 142
249, 252, 143
255, 255, 149
253, 253, 145
251, 251, 143
250, 251, 141
255, 254, 144
253, 254, 144
252, 253, 143
252, 253, 143
250, 253, 144
247, 252, 143
247, 252, 143
247, 252, 143
250, 251, 141
250, 252, 139
251, 253, 140
251, 254, 139
251, 254, 139
252, 255, 139
252, 255, 140
250, 255, 140
251, 255, 142
252, 255, 145
251, 254, 145
246, 250, 144
246, 250, 145
249, 252, 149
253, 254, 151
254, 255, 151
255, 255, 151
255, 255, 151
253, 253, 145
251, 254, 145
252, 252, 146
250, 252, 146
248, 252, 147
246, 251, 146
246, 251, 146
246, 251, 146
249, 251, 145
249, 252, 143
251, 251, 143
250, 253, 143
252, 253, 143
250, 254, 141
250, 254, 141
249, 255, 144
248, 251, 142
249, 253, 147
250, 254, 149
247, 251, 150
247, 248, 150
245, 246, 152
250, 251, 153
251, 253, 153
255, 255, 153
253, 255, 153
251, 252, 148
249, 253, 148
250, 251, 148
248, 251, 148
247, 251, 150
244, 250, 149
244, 250, 149
244, 250, 149
247, 249, 149
247, 250, 147
250, 251, 148
248, 252, 147
250, 252, 146
249, 253, 147
249, 253, 147
248, 253, 148
250, 253, 150
250, 254, 153
250, 252, 156
244, 248, 153
244, 244, 154
239, 240, 154
162, 159, 85
185, 181, 103
202, 198, 119
214, 209, 124
220, 209, 119
221, 209, 115
220, 208, 112
218, 207, 109
218, 206, 105
217, 205, 104
215, 203, 101
215, 204, 100
214, 203, 99
213, 203, 96
214, 201, 95
213, 201, 93
213, 201, 93
212, 200, 92
213, 201, 93
213, 202, 91
212, 203, 86
183, 180, 99
198, 195, 110
209, 207, 119
219, 214, 123
222, 212, 118
226, 212, 116
224, 210, 114
222, 209, 111
222, 207, 107
219, 204, 104
218, 204, 102
217, 204, 100
216, 203, 99
215, 202, 96
214, 201, 95
213, 200, 94
213, 201, 93
212, 200, 92
212, 200, 92
212, 201, 90
212, 202, 88
199, 195, 107
204, 201, 110
212, 208, 113
217, 211, 114
225, 213, 117
226, 213, 115
226, 210, 113
224, 209, 109
222, 207, 107
219, 205, 103
218, 204, 102
217, 204, 100
216, 203, 99
215, 202, 96
214, 201, 95
213, 201, 93
212, 200, 92
212, 200, 92
212, 200, 92
212, 201, 90
211, 200, 88
214, 207, 114
214, 208, 111
218, 213, 111
222, 214, 113
225, 215, 114
226, 214, 113
224, 212, 111
222, 210, 108
219, 207, 105
217, 206, 102
215, 204, 100
214, 203, 99
213, 202, 98
213, 203, 96
212, 202, 95
211, 201, 93
210, 200, 92
210, 201, 90
210, 201, 90
210, 201, 90
208, 199, 88
221, 212, 115
221, 214, 111
226, 217, 113
227, 219, 112
226, 215, 111
225, 214, 110
224, 213, 109
222, 211, 107
219, 208, 104
217, 207, 100
216, 205, 101
215, 205, 98
213, 203, 96
212, 202, 94
211, 201, 93
210, 201, 90
210, 201, 90
207, 201, 88
207, 201, 88
207, 200, 89
206, 198, 91
225, 213, 112
228, 215, 111
230, 217, 111
230, 218, 110
227, 217, 110
226, 216, 109
225, 215, 108
223, 213, 106
219, 211, 104
217, 210, 101
216, 208, 101
215, 208, 99
211, 204, 95
210, 203, 92
209, 202, 91
208, 202, 89
207, 201, 88
205, 202, 87
205, 202, 87
205, 201, 88
206, 200, 95
230, 215, 113
230, 215, 112
231, 217, 111
230, 217, 109
227, 217, 109
225, 218, 109
226, 216, 108
222, 215, 106
220, 213, 104
219, 212, 103
218, 211, 102
217, 210, 101
211, 204, 93
210, 203, 92
209, 202, 91
208, 202, 89
205, 201, 88
205, 202, 87
205, 202, 87
205, 201, 88
208, 202, 95
229, 214, 112
228, 213, 111
230, 212, 111
227, 212, 109
226, 216, 108
222, 218, 106
224, 217, 106
221, 217, 105
221, 216, 107
220, 215, 106
220, 215, 106
220, 215, 106
213, 208, 99
211, 207, 95
209, 205, 93
207, 203, 90
206, 202, 89
205, 201, 88
205, 201, 88
206, 202, 89
209, 203, 90
229, 214, 112
229, 214, 111
230, 212, 111
228, 213, 110
227, 217, 109
222, 218, 106
224, 217, 108
221, 216, 107
223, 216, 107
220, 215, 106
222, 214, 107
219, 214, 105
216, 208, 101
212, 207, 98
212, 205, 96
208, 204, 92
208, 201, 90
205, 201, 89
207, 200, 89
208, 202, 89
210, 202, 89
230, 216, 110
231, 215, 109
231, 215, 109
229, 215, 109
227, 217, 110
225, 218, 109
226, 216, 109
223, 215, 108
225, 215, 108
222, 214, 107
223, 212, 108
221, 213, 106
219, 208, 104
216, 208, 101
215, 205, 98
211, 204, 95
211, 201, 93
208, 201, 92
210, 200, 92
210, 201, 90
210, 202, 89
232, 216, 109
232, 217, 107
232, 217, 107
230, 217, 109
229, 216, 110
227, 217, 110
228, 215, 109
225, 215, 108
227, 214, 110
224, 213, 109
225, 212, 108
223, 212, 108
222, 209, 105
219, 208, 104
218, 205, 99
214, 204, 97
214, 201, 95
211, 201, 94
212, 199, 93
210, 200, 92
210, 201, 90
233, 219, 107
233, 219, 106
233, 219, 106
233, 219, 107
231, 217, 111
229, 216, 112
230, 215, 112
228, 215, 111
227, 212, 109
225, 212, 108
226, 211, 108
224, 211, 107
224, 209, 106
221, 208, 104
220, 205, 102
217, 204, 100
216, 201, 98
214, 201, 97
215, 200, 97
214, 201, 97
211, 201, 94
231, 221, 104
234, 222, 104
234, 222, 104
234, 220, 107
231, 218, 110
231, 217, 111
230, 216, 110
229, 215, 109
227, 213, 107
226, 212, 106
225, 211, 105
225, 211, 105
224, 210, 104
222, 208, 102
220, 206, 100
218, 203, 100
217, 202, 99
217, 202, 99
217, 202, 100
217, 202, 100
213, 202, 98
232, 222, 104
233, 224, 103
233, 224, 103
233, 223, 105
234, 219, 109
233, 217, 110
232, 216, 109
231, 215, 108
229, 213, 106
228, 212, 105
227, 212, 102
226, 211, 101
225, 209, 102
224, 208, 101
222, 206, 99
221, 205, 99
220, 204, 98
220, 204, 98
221, 204, 101
219, 204, 102
214, 202, 101
231, 222, 105
232, 224, 103
234, 225, 104
234, 224, 106
234, 220, 108
233, 218, 108
232, 217, 107
231, 217, 105
229, 215, 103
228, 214, 102
227, 213, 100
226, 212, 99
225, 211, 99
224, 210, 98
222, 207, 97
221, 205, 98
221, 205, 98
221, 205, 99
222, 206, 100
220, 205, 103
215, 201, 105
227, 220, 105
227, 220, 103
232, 224, 105
236, 228, 109
235, 224, 110
236, 222, 109
235, 221, 108
233, 219, 106
230, 217, 101
228, 215, 99
226, 214, 96
224, 212, 94
225, 212, 96
224, 211, 95
224, 210, 97
225, 211, 99
226, 211, 101
225, 209, 102
222, 206, 100
218, 202, 102
212, 199, 107
230, 223, 114
228, 222, 109
225, 220, 105
226, 219, 104
236, 225, 111
235, 224, 110
234, 223, 109
232, 222, 105
230, 220, 103
226, 216, 98
223, 213, 95
222, 213, 92
225, 215, 97
223, 213, 96
222, 211, 97
222, 210, 98
223, 210, 100
222, 209, 101
220, 206, 100
217, 201, 104
210, 197, 111
208, 213, 128
211, 215, 126
214, 218, 123
216, 218, 122
218, 220, 120
221, 221, 121
222, 223, 120
223, 224, 121
222, 223, 120
222, 222, 122
219, 222, 119
217, 223, 116
217, 223, 116
218, 222, 117
217, 220, 117
216, 218, 118
215, 216, 118
214, 216, 116
212, 216, 115
212, 216, 115
209, 215, 114
206, 211, 120
212, 216, 120
218, 222, 121
215, 219, 114
218, 220, 114
220, 222, 116
221, 223, 117
222, 224, 118
222, 224, 118
221, 222, 118
220, 222, 116
218, 223, 114
218, 223, 114
218, 222, 116
217, 221, 116
216, 218, 118
215, 217, 117
215, 215, 115
213, 216, 113
214, 217, 114
211, 215, 112
210, 216, 115
217, 220, 117
222, 224, 118
218, 221, 111
221, 223, 110
222, 224, 111
223, 225, 112
223, 224, 114
223, 224, 114
222, 222, 114
219, 222, 113
219, 222, 112
219, 222, 113
219, 221, 115
218, 219, 115
217, 218, 115
216, 217, 114
217, 215, 113
214, 215, 112
214, 215, 111
212, 216, 111
215, 221, 114
218, 221, 112
217, 218, 108
221, 224, 109
224, 224, 110
225, 225, 111
225, 225, 111
225, 224, 112
223, 225, 112
221, 222, 112
221, 222, 112
220, 221, 111
218, 221, 111
218, 220, 114
217, 219, 113
218, 216, 114
217, 215, 113
216, 214, 112
215, 214, 110
215, 215, 109
213, 215, 109
221, 224, 115
221, 222, 112
219, 219, 105
225, 225, 111
226, 226, 110
227, 226, 112
227, 226, 112
227, 225, 113
224, 223, 113
223, 221, 113
220, 220, 112
219, 220, 110
219, 220, 110
218, 218, 112
218, 218, 112
219, 215, 113
218, 214, 112
216, 213, 109
213, 212, 108
214, 214, 108
212, 214, 108
226, 226, 118
230, 229, 117
228, 228, 114
227, 226, 112
228, 227, 113
228, 226, 114
228, 226, 114
227, 224, 115
225, 222, 114
223, 220, 115
221, 219, 111
218, 218, 110
218, 218, 110
218, 218, 112
217, 216, 112
218, 214, 112
217, 213, 111
215, 212, 108
215, 212, 107
214, 214, 108
212, 214, 108
223, 223, 115
224, 223, 113
224, 222, 110
229, 225, 113
228, 224, 112
227, 222, 113
226, 220, 113
223, 219, 114
223, 218, 115
223, 218, 116
222, 219, 115
219, 219, 111
219, 219, 111
218, 218, 112
217, 216, 112
218, 214, 112
218, 214, 112
217, 214, 110
217, 214, 109
215, 215, 109
212, 214, 108
225, 222, 117
226, 223, 115
225, 222, 113
229, 224, 115
228, 222, 115
227, 221, 114
226, 220, 115
223, 218, 116
222, 216, 117
222, 216, 117
221, 217, 115
218, 218, 112
218, 218, 110
218, 217, 113
217, 215, 113
219, 215, 113
218, 214, 112
218, 214, 112
215, 214, 110
216, 216, 110
213, 215, 109
226, 223, 119
227, 223, 118
227, 224, 116
229, 223, 116
228, 222, 115
225, 221, 116
223, 218, 115
222, 216, 117
222, 215, 118
220, 214, 117
220, 215, 116
217, 216, 112
215, 217, 111
215, 216, 113
215, 215, 115
217, 215, 115
217, 215, 115
217, 215, 113
217, 216, 112
217, 217, 111
214, 216, 110
226, 223, 119
227, 223, 118
227, 224, 116
229, 223, 116
228, 222, 115
224, 220, 115
223, 218, 115
222, 216, 117
220, 214, 117
219, 213, 116
217, 215, 115
214, 215, 112
214, 215, 111
214, 214, 114
215, 214, 116
215, 214, 116
215, 214, 116
218, 216, 116
216, 217, 114
216, 217, 113
213, 217, 112
226, 223, 119
227, 223, 118
227, 224, 116
225, 222, 114
225, 222, 114
223, 220, 112
222, 218, 113
220, 216, 114
217, 215, 115
217, 215, 115
217, 215, 115
211, 214, 111
212, 215, 112
212, 214, 114
213, 214, 116
213, 214, 118
214, 215, 119
216, 215, 117
214, 216, 116
214, 218, 113
212, 217, 112
223, 223, 117
224, 222, 114
225, 222, 113
224, 221, 112
223, 220, 111
222, 219, 110
220, 218, 110
218, 217, 113
217, 216, 112
218, 216, 114
216, 217, 114
212, 215, 112
211, 215, 114
212, 213, 115
213, 214, 118
213, 213, 119
214, 214, 120
214, 215, 119
213, 217, 116
213, 217, 114
210, 217, 113
223, 223, 115
223, 222, 110
221, 220, 108
222, 220, 108
222, 220, 108
220, 219, 107
219, 218, 108
217, 217, 109
218, 218, 112
216, 217, 113
214, 218, 113
211, 215, 112
209, 215, 114
212, 214, 118
212, 213, 119
212, 213, 119
212, 213, 119
212, 214, 118
212, 215, 116
213, 217, 116
210, 217, 113
222, 223, 113
221, 220, 108
219, 218, 106
221, 219, 107
221, 219, 107
219, 218, 108
219, 218, 108
217, 217, 109
216, 218, 112
217, 218, 114
215, 219, 114
212, 216, 115
210, 215, 116
212, 214, 118
212, 213, 119
212, 213, 119
212, 213, 119
212, 214, 118
212, 214, 118
213, 216, 117
209, 214, 115
224, 222, 114
223, 220, 111
222, 219, 110
221, 218, 109
220, 217, 108
219, 217, 109
218, 215, 110
216, 215, 111
215, 216, 112
215, 216, 113
214, 216, 116
212, 216, 115
211, 214, 115
211, 212, 114
211, 212, 116
211, 212, 116
212, 213, 117
213, 214, 118
213, 215, 119
209, 210, 116
210, 213, 121
224, 222, 114
223, 220, 112
222, 219, 111
221, 218, 110
220, 216, 111
219, 216, 111
216, 215, 111
216, 214, 112
215, 215, 115
213, 215, 115
214, 215, 117
212, 215, 116
211, 214, 115
211, 212, 114
211, 212, 114
211, 212, 114
212, 213, 115
213, 214, 118
212, 213, 119
211, 211, 121
210, 211, 125
224, 221, 116
222, 218, 113
221, 217, 112
221, 217, 112
220, 215, 112
219, 215, 113
216, 214, 114
216, 214, 114
215, 214, 116
213, 214, 118
214, 215, 119
213, 214, 116
212, 214, 114
212, 214, 114
211, 213, 113
211, 212, 114
212, 213, 117
211, 212, 118
212, 213, 121
212, 211, 123
209, 209, 125
223, 220, 116
222, 217, 114
220, 215, 112
221, 216, 113
219, 215, 113
219, 214, 115
216, 213, 115
214, 213, 115
215, 213, 118
213, 213, 119
214, 215, 119
213, 214, 116
213, 215, 115
212, 214, 114
212, 214, 114
212, 213, 115
211, 213, 117
211, 212, 120
209, 211, 122
204, 204, 120
199, 202, 123
220, 218, 116
220, 216, 114
219, 215, 113
220, 216, 114
219, 214, 115
219, 213, 116
216, 212, 117
214, 212, 117
215, 213, 119
213, 213, 119
214, 214, 120
213, 215, 115
213, 216, 113
213, 215, 115
213, 214, 116
211, 213, 117
210, 211, 119
210, 209, 121
208, 208, 124
198, 201, 122
194, 197, 125
219, 217, 117
220, 216, 114
218, 214, 112
220, 215, 116
217, 215, 115
217, 214, 116
214, 212, 117
214, 212, 118
213, 213, 119
213, 212, 121
214, 214, 120
213, 214, 116
213, 215, 115
213, 214, 116
212, 214, 118
211, 212, 118
208, 210, 121
207, 207, 123
205, 205, 127
201, 204, 132
194, 198, 132
217, 217, 117
217, 215, 113
216, 214, 112
218, 216, 116
217, 215, 115
217, 214, 116
214, 212, 117
214, 212, 118
213, 213, 119
213, 212, 121
213, 214, 120
212, 215, 116
212, 215, 116
213, 215, 119
211, 214, 122
210, 212, 123
208, 208, 124
205, 205, 127
202, 203, 131
197, 198, 134
184, 188, 129
216, 216, 116
215, 216, 113
214, 215, 112
218, 216, 116
215, 215, 115
215, 214, 116
212, 213, 117
212, 212, 118
212, 213, 119
212, 213, 121
211, 214, 122
210, 214, 119
210, 214, 119
211, 213, 123
209, 212, 126
208, 210, 128
206, 206, 130
203, 203, 133
199, 200, 136
178, 181, 125
163, 166, 116
212, 214, 114
211, 213, 113
208, 210, 110
211, 211, 111
211, 213, 113
212, 213, 115
212, 214, 118
212, 213, 119
210, 214, 119
210, 213, 121
208, 213, 122
208, 212, 123
208, 211, 125
206, 208, 126
202, 205, 125
210, 211, 137
214, 215, 147
203, 204, 142
184, 185, 129
158, 161, 112
134, 136, 94
251, 250, 169
250, 250, 166
249, 251, 162
250, 250, 160
250, 251, 157
251, 252, 156
253, 252, 154
252, 253, 150
251, 252, 148
253, 252, 148
252, 252, 146
252, 252, 146
251, 251, 145
250, 250, 144
252, 250, 142
251, 248, 140
251, 248, 139
251, 248, 139
251, 248, 139
251, 248, 139
250, 247, 139
249, 247, 139
249, 247, 139
247, 247, 139
245, 247, 141
245, 246, 142
243, 246, 143
243, 245, 145
243, 245, 145
254, 251, 166
253, 250, 165
252, 251, 161
251, 250, 159
251, 252, 156
253, 251, 156
253, 253, 153
253, 253, 153
252, 253, 150
254, 253, 149
253, 252, 148
252, 251, 147
251, 250, 146
252, 249, 145
252, 249, 145
251, 247, 142
253, 247, 140
251, 248, 140
251, 248, 140
250, 246, 141
250, 246, 141
249, 246, 141
249, 246, 141
246, 246, 140
246, 246, 140
244, 246, 140
244, 246, 140
244, 245, 141
244, 245, 141
254, 251, 166
253, 250, 165
252, 251, 161
252, 251, 160
251, 252, 156
253, 251, 156
254, 254, 154
254, 254, 154
253, 254, 151
255, 254, 150
254, 253, 149
252, 251, 147
251, 250, 146
251, 249, 147
252, 249, 145
251, 247, 142
251, 247, 142
251, 247, 142
251, 247, 142
249, 246, 141
249, 246, 141
248, 245, 140
248, 245, 140
246, 246, 140
246, 246, 140
244, 246, 140
244, 246, 140
244, 245, 141
244, 245, 141
255, 252, 167
254, 251, 166
253, 252, 162
252, 251, 160
252, 252, 158
254, 252, 157
254, 253, 155
255, 255, 155
255, 255, 153
255, 254, 152
255, 254, 150
253, 252, 148
252, 251, 147
251, 249, 147
251, 249, 147
252, 247, 144
252, 248, 143
252, 248, 143
251, 247, 142
249, 246, 141
249, 246, 141
249, 246, 141
248, 245, 140
245, 245, 139
245, 245, 139
243, 245, 139
243, 245, 139
243, 244, 140
243, 244, 140
254, 253, 167
253, 252, 166
252, 252, 162
252, 251, 160
252, 252, 158
252, 253, 157
252, 253, 155
255, 255, 156
255, 255, 153
255, 255, 153
254, 255, 152
255, 253, 151
254, 252, 150
253, 251, 151
252, 250, 148
254, 249, 146
253, 248, 145
252, 249, 145
251, 248, 144
250, 247, 143
250, 247, 143
249, 246, 142
249, 246, 142
246, 245, 141
246, 245, 141
246, 246, 140
246, 246, 140
244, 246, 140
244, 246, 140
254, 253, 167
253, 252, 164
252, 252, 162
253, 252, 162
252, 252, 158
252, 253, 157
253, 254, 156
255, 255, 155
255, 255, 155
255, 255, 153
254, 255, 152
255, 254, 152
255, 253, 151
255, 253, 153
254, 252, 152
255, 251, 149
255, 250, 147
254, 251, 147
253, 250, 146
252, 249, 145
251, 248, 144
250, 247, 143
250, 247, 143
247, 246, 142
247, 246, 142
247, 247, 141
247, 247, 141
245, 247, 141
245, 247, 141
255, 254, 168
254, 253, 165
253, 253, 163
252, 252, 162
252, 253, 159
253, 254, 158
253, 254, 156
253, 255, 155
253, 255, 155
255, 255, 155
255, 255, 155
255, 255, 155
255, 255, 155
254, 253, 155
255, 254, 154
255, 253, 151
255, 252, 150
255, 251, 149
254, 250, 148
253, 249, 147
252, 248, 146
250, 249, 145
249, 248, 144
248, 247, 143
248, 247, 143
248, 247, 143
248, 247, 143
248, 248, 142
248, 248, 142
255, 254, 168
254, 253, 165
253, 253, 163
252, 252, 162
252, 253, 159
253, 254, 158
253, 254, 156
252, 253, 155
253, 255, 155
255, 255, 155
255, 255, 155
255, 255, 155
255, 254, 156
255, 255, 157
255, 255, 157
255, 254, 154
255, 253, 151
255, 253, 151
255, 251, 149
254, 250, 148
253, 249, 147
250, 248, 146
250, 249, 145
248, 247, 143
248, 247, 143
248, 247, 143
248, 247, 143
248, 248, 142
248, 248, 142
252, 253, 167
251, 253, 164
251, 253, 163
253, 253, 163
253, 254, 160
252, 254, 158
252, 255, 156
253, 254, 156
253, 254, 156
253, 254, 156
253, 254, 156
255, 254, 156
255, 253, 158
255, 253, 158
255, 254, 156
255, 253, 153
255, 253, 153
255, 253, 153
254, 252, 152
253, 251, 151
252, 250, 148
250, 248, 146
250, 248, 146
250, 249, 145
251, 250, 146
253, 250, 146
253, 250, 146
253, 250, 145
252, 249, 144
252, 253, 167
252, 254, 165
251, 253, 163
253, 253, 163
253, 254, 160
252, 253, 159
252, 254, 158
253, 254, 156
253, 254, 156
253, 254, 156
253, 254, 156
255, 253, 158
255, 253, 158
255, 253, 158
255, 253, 158
255, 252, 154
255, 253, 153
255, 253, 153
254, 252, 152
253, 251, 151
252, 250, 150
251, 249, 149
250, 248, 146
250, 248, 146
251, 250, 146
253, 250, 146
253, 250, 146
253, 250, 145
252, 249, 144
252, 253, 167
252, 254, 165
252, 254, 164
251, 253, 163
251, 255, 160
253, 254, 160
253, 255, 159
253, 255, 159
253, 255, 159
254, 255, 159
254, 255, 159
254, 254, 160
254, 254, 160
254, 254, 160
254, 254, 160
254, 252, 157
254, 253, 155
254, 253, 155
253, 252, 154
254, 251, 153
253, 251, 151
251, 249, 149
251, 249, 147
253, 249, 147
253, 249, 147
253, 250, 146
253, 250, 146
253, 250, 145
252, 249, 144
252, 253, 167
252, 254, 165
252, 254, 164
252, 255, 163
251, 255, 160
253, 254, 160
253, 255, 159
253, 255, 159
253, 255, 159
254, 255, 159
254, 255, 159
254, 254, 160
254, 254, 160
254, 253, 162
254, 253, 162
255, 253, 159
255, 253, 158
255, 253, 158
254, 253, 155
255, 252, 154
254, 251, 153
252, 250, 150
252, 250, 150
253, 249, 147
253, 249, 147
254, 251, 147
254, 251, 147
253, 250, 145
253, 250, 145
251, 254, 168
251, 255, 166
250, 255, 164
252, 255, 163
252, 255, 161
251, 255, 160
251, 255, 159
253, 255, 159
253, 255, 159
253, 254, 160
253, 254, 160
254, 253, 162
254, 253, 162
254, 253, 163
254, 253, 162
255, 254, 160
255, 254, 159
255, 254, 159
255, 253, 158
254, 253, 155
253, 252, 154
253, 251, 151
253, 251, 151
253, 249, 147
254, 250, 148
254, 251, 147
254, 251, 147
255, 251, 146
254, 250, 145
251, 255, 166
251, 255, 165
251, 255, 165
252, 255, 163
252, 255, 163
252, 255, 161
252, 255, 160
254, 255, 160
254, 255, 160
254, 255, 161
254, 255, 161
255, 254, 163
255, 254, 163
255, 254, 164
255, 254, 163
255, 254, 163
255, 255, 161
255, 255, 160
255, 254, 159
255, 253, 158
254, 253, 155
254, 252, 152
254, 252, 152
254, 250, 148
254, 250, 148
254, 251, 147
254, 251, 147
255, 251, 146
254, 250, 145
251, 255, 166
251, 255, 165
251, 255, 165
252, 255, 163
252, 255, 163
252, 255, 161
252, 255, 161
254, 255, 160
254, 255, 160
254, 255, 161
254, 255, 161
255, 254, 163
255, 254, 163
255, 254, 164
255, 254, 163
255, 255, 164
255, 255, 162
255, 255, 161
255, 255, 160
255, 254, 159
254, 253, 155
255, 253, 153
254, 252, 152
254, 250, 148
254, 250, 148
255, 251, 148
255, 251, 148
255, 251, 146
255, 251, 146
251, 254, 168
251, 255, 166
251, 255, 166
253, 255, 165
252, 255, 163
252, 255, 163
252, 255, 161
252, 255, 161
252, 255, 161
254, 255, 161
254, 255, 161
254, 255, 163
254, 255, 163
254, 254, 164
254, 254, 164
255, 255, 164
255, 255, 164
255, 255, 164
255, 255, 161
255, 254, 160
255, 253, 158
255, 252, 154
255, 252, 154
252, 250, 150
254, 250, 148
255, 251, 149
255, 252, 148
255, 250, 147
255, 251, 146
254, 253, 172
254, 254, 170
254, 255, 169
253, 255, 166
253, 255, 165
253, 255, 165
253, 255, 164
253, 255, 164
250, 255, 163
252, 255, 163
251, 254, 162
251, 253, 163
252, 254, 164
252, 254, 164
253, 255, 165
255, 255, 166
255, 255, 166
255, 255, 166
255, 255, 165
255, 254, 164
253, 252, 161
254, 252, 158
253, 251, 157
251, 249, 154
253, 250, 152
253, 250, 152
253, 251, 151
255, 250, 151
254, 250, 148
254, 253, 172
254, 253, 172
254, 254, 170
254, 255, 169
253, 255, 166
253, 255, 165
253, 255, 165
251, 255, 164
250, 255, 163
250, 255, 163
249, 254, 162
249, 254, 163
250, 255, 164
250, 255, 164
253, 255, 165
255, 255, 167
255, 255, 167
255, 255, 167
255, 255, 165
255, 254, 164
254, 253, 162
254, 251, 160
253, 251, 157
252, 250, 155
252, 250, 155
253, 250, 152
253, 250, 152
253, 251, 151
253, 251, 151
255, 254, 173
254, 253, 172
254, 254, 170
254, 255, 169
254, 255, 167
253, 255, 165
253, 255, 164
253, 255, 164
252, 255, 163
252, 255, 163
251, 254, 162
251, 253, 163
252, 254, 164
252, 254, 165
253, 255, 166
255, 255, 167
255, 255, 167
255, 255, 166
255, 255, 165
255, 254, 164
254, 253, 162
255, 252, 161
254, 252, 158
253, 251, 156
252, 250, 155
254, 251, 153
254, 251, 153
253, 251, 151
253, 251, 151
255, 255, 171
255, 255, 171
254, 255, 169
254, 255, 167
254, 255, 166
254, 255, 166
253, 255, 164
253, 255, 164
252, 255, 163
252, 255, 163
251, 254, 162
251, 253, 163
252, 254, 164
252, 254, 165
255, 254, 166
255, 254, 166
255, 254, 166
255, 255, 165
255, 255, 165
255, 254, 163
254, 253, 162
255, 253, 159
254, 252, 158
254, 252, 157
253, 251, 156
255, 252, 154
254, 251, 153
254, 252, 152
253, 251, 151
