68, 253, 159
64, 255, 158
61, 255, 155
59, 253, 153
62, 253, 154
64, 253, 154
64, 252, 156
65, 254, 155
67, 253, 157
65, 253, 157
61, 254, 157
59, 254, 157
55, 254, 156
55, 254, 156
59, 254, 157
60, 255, 158
57, 255, 154
53, 253, 152
52, 253, 150
61, 255, 154
63, 255, 154
63, 254, 155
63, 255, 154
64, 253, 154
62, 253, 154
58, 254, 154
55, 255, 154
52, 254, 153
52, 254, 153
55, 254, 156
52, 254, 153
48, 253, 151
49, 254, 151
55, 255, 155
59, 255, 155
61, 255, 154
63, 255, 154
63, 255, 154
62, 254, 153
60, 255, 153
56, 254, 153
52, 254, 153
49, 254, 152
49, 254, 152
52, 253, 155
50, 255, 154
48, 255, 153
48, 255, 153
50, 255, 153
57, 255, 152
58, 255, 152
60, 255, 152
60, 255, 152
60, 255, 153
58, 255, 153
57, 255, 154
53, 255, 154
54, 255, 157
51, 255, 154
51, 252, 154
48, 255, 153
48, 255, 153
48, 255, 153
50, 255, 153
55, 255, 152
58, 255, 152
60, 255, 152
60, 255, 152
60, 255, 153
58, 255, 153
57, 255, 154
55, 255, 154
49, 254, 152
48, 253, 151
53, 252, 154
48, 255, 153
48, 255, 153
50, 255, 153
51, 255, 153
54, 255, 151
57, 255, 151
59, 254, 152
59, 254, 152
59, 254, 152
57, 254, 152
56, 254, 153
54, 254, 153
49, 250, 152
51, 252, 154
57, 253, 157
50, 255, 153
49, 255, 152
50, 255, 152
52, 255, 152
56, 254, 152
56, 255, 151
59, 254, 152
59, 254, 152
59, 254, 152
59, 253, 153
57, 253, 153
56, 253, 155
54, 253, 155
59, 255, 159
61, 255, 160
50, 255, 152
52, 255, 152
54, 254, 153
56, 254, 152
56, 254, 152
56, 254, 152
59, 253, 153
59, 253, 153
61, 252, 153
59, 253, 153
57, 252, 155
57, 252, 156
58, 254, 158
62, 255, 163
65, 254, 162
52, 255, 152
54, 255, 152
57, 253, 153
57, 253, 153
56, 254, 153
56, 254, 152
59, 253, 153
59, 253, 153
61, 252, 153
61, 252, 155
59, 251, 156
57, 252, 156
60, 252, 159
64, 253, 161
66, 250, 160
54, 254, 153
56, 252, 152
60, 251, 154
59, 253, 153
58, 254, 154
57, 255, 154
60, 254, 154
60, 254, 154
62, 253, 156
62, 253, 156
62, 252, 157
60, 252, 159
63, 252, 161
66, 252, 162
67, 249, 161
56, 254, 153
56, 252, 152
58, 251, 154
58, 251, 154
58, 253, 156
58, 254, 154
60, 254, 154
60, 254, 154
62, 253, 154
62, 253, 156
64, 252, 157
64, 252, 157
70, 255, 163
74, 254, 165
76, 249, 163
54, 253, 155
52, 251, 153
53, 249, 153
55, 250, 154
59, 251, 156
63, 255, 159
63, 255, 159
60, 254, 154
60, 254, 154
64, 255, 156
68, 255, 156
69, 251, 156
79, 255, 163
82, 250, 161
88, 244, 160
59, 255, 159
58, 254, 158
59, 254, 158
61, 253, 160
61, 248, 156
66, 251, 157
64, 252, 157
62, 250, 154
63, 252, 153
69, 255, 157
74, 255, 159
78, 254, 160
85, 251, 160
92, 248, 163
101, 244, 165
73, 255, 160
67, 255, 158
63, 255, 153
66, 254, 152
68, 255, 153
69, 255, 156
67, 255, 157
63, 255, 157
60, 255, 158
58, 254, 158
57, 252, 159
63, 255, 165
63, 251, 162
72, 253, 168
82, 255, 172
83, 248, 167
63, 255, 154
61, 255, 154
61, 255, 154
60, 255, 153
62, 254, 153
62, 253, 154
63, 254, 155
64, 255, 156
64, 255, 158
63, 255, 160
61, 255, 162
61, 255, 162
62, 255, 164
67, 255, 165
71, 254, 166
78, 252, 168
59, 254, 152
57, 254, 152
57, 254, 152
58, 255, 153
60, 255, 153
62, 253, 154
65, 254, 155
66, 255, 156
66, 254, 158
65, 255, 159
63, 255, 160
62, 255, 163
62, 255, 163
65, 255, 165
69, 255, 165
74, 254, 165
58, 253, 150
56, 253, 151
57, 254, 152
58, 254, 154
60, 254, 154
62, 253, 154
65, 254, 155
68, 254, 158
68, 254, 158
67, 255, 159
65, 255, 159
65, 255, 162
65, 255, 162
68, 255, 163
71, 254, 163
77, 253, 163
56, 254, 150
56, 254, 152
56, 254, 152
58, 254, 154
60, 254, 154
62, 253, 154
65, 254, 155
69, 254, 158
69, 254, 158
69, 255, 159
67, 255, 159
67, 255, 162
67, 255, 162
70, 255, 161
72, 253, 162
80, 253, 163
56, 255, 151
55, 255, 153
55, 255, 153
58, 254, 154
60, 253, 156
62, 253, 156
65, 253, 157
69, 254, 158
69, 254, 158
69, 255, 159
67, 255, 159
69, 255, 161
68, 255, 160
70, 255, 159
74, 253, 160
81, 252, 160
54, 255, 151
53, 255, 153
53, 255, 154
57, 254, 156
58, 253, 156
60, 253, 156
65, 253, 157
68, 254, 158
68, 254, 158
69, 255, 159
69, 255, 159
68, 255, 160
70, 255, 160
70, 255, 159
76, 254, 159
83, 252, 160
53, 254, 150
52, 255, 152
52, 254, 153
53, 254, 156
55, 254, 156
57, 254, 156
61, 254, 157
64, 255, 158
66, 254, 158
67, 255, 159
67, 255, 159
67, 255, 159
69, 255, 159
72, 254, 159
77, 253, 159
85, 252, 159
52, 253, 149
52, 252, 151
51, 253, 152
51, 255, 156
51, 255, 156
53, 254, 156
58, 255, 157
62, 255, 158
64, 255, 158
65, 255, 159
67, 255, 159
66, 254, 158
68, 254, 158
72, 254, 159
80, 254, 160
86, 251, 160
51, 252, 148
53, 253, 152
51, 253, 152
48, 255, 156
48, 255, 157
52, 255, 158
57, 255, 159
61, 255, 160
63, 255, 160
65, 255, 160
67, 255, 160
65, 253, 158
73, 255, 163
78, 255, 164
82, 253, 161
88, 248, 160
55, 253, 151
56, 254, 153
52, 253, 155
47, 255, 155
46, 255, 157
52, 255, 158
58, 255, 160
62, 255, 161
64, 255, 161
66, 255, 161
70, 255, 163
71, 254, 163
76, 255, 164
78, 252, 164
86, 251, 164
95, 250, 165
56, 252, 152
58, 253, 156
55, 254, 156
49, 254, 155
48, 255, 156
55, 255, 159
60, 255, 160
64, 255, 163
69, 255, 164
71, 255, 164
74, 254, 165
78, 255, 167
79, 253, 165
85, 249, 164
94, 250, 166
105, 250, 171
59, 252, 155
60, 252, 157
58, 254, 158
53, 254, 156
54, 255, 157
59, 255, 159
64, 255, 161
71, 255, 164
75, 255, 165
77, 255, 166
80, 253, 167
83, 252, 166
87, 250, 168
93, 247, 168
100, 246, 168
106, 240, 167
63, 251, 155
62, 252, 157
61, 253, 158
59, 254, 157
60, 255, 158
67, 255, 160
71, 255, 161
78, 254, 164
82, 255, 165
86, 253, 166
89, 252, 167
91, 248, 168
96, 248, 172
103, 246, 173
106, 238, 167
103, 224, 156
90, 253, 167
83, 253, 165
79, 252, 162
82, 255, 163
80, 255, 163
79, 255, 162
77, 254, 161
75, 254, 161
72, 254, 160
71, 252, 161
71, 252, 161
70, 250, 161
70, 250, 161
72, 250, 161
73, 251, 162
75, 251, 162
77, 251, 163
77, 250, 164
81, 251, 163
84, 249, 162
81, 251, 163
81, 254, 164
78, 254, 161
77, 255, 160
77, 255, 160
74, 254, 159
73, 252, 159
71, 253, 159
70, 252, 158
68, 252, 158
66, 249, 158
67, 250, 159
69, 250, 159
72, 251, 160
73, 252, 161
76, 252, 162
77, 253, 164
80, 253, 163
79, 247, 158
80, 250, 161
78, 254, 161
76, 254, 159
73, 253, 158
73, 253, 158
71, 253, 158
70, 252, 157
68, 252, 158
68, 252, 158
66, 251, 157
67, 251, 157
67, 250, 159
67, 250, 159
70, 251, 160
71, 252, 161
73, 252, 161
76, 252, 162
76, 252, 162
80, 251, 159
77, 250, 158
73, 249, 155
74, 252, 157
72, 253, 155
72, 253, 155
70, 253, 155
68, 253, 155
66, 252, 156
66, 252, 156
64, 252, 156
67, 253, 157
67, 252, 158
67, 252, 158
68, 252, 158
70, 252, 158
70, 252, 158
72, 251, 158
72, 251, 158
79, 255, 161
77, 253, 159
74, 252, 155
72, 253, 155
70, 253, 155
70, 253, 155
68, 253, 155
67, 254, 155
65, 254, 155
65, 253, 157
65, 253, 157
66, 254, 158
65, 253, 157
67, 252, 158
67, 252, 158
68, 252, 158
69, 251, 157
69, 251, 157
69, 251, 156
73, 254, 156
76, 254, 157
78, 255, 158
70, 254, 154
68, 254, 154
68, 254, 154
67, 254, 154
67, 254, 154
65, 255, 154
65, 254, 155
63, 254, 155
62, 253, 154
62, 253, 154
64, 252, 156
66, 252, 156
67, 253, 157
68, 253, 157
68, 253, 157
67, 253, 157
64, 248, 148
69, 250, 151
73, 254, 155
70, 254, 154
68, 254, 154
67, 254, 154
67, 254, 154
65, 255, 154
64, 255, 155
64, 255, 156
64, 255, 156
60, 251, 152
60, 251, 152
63, 251, 155
64, 252, 156
67, 253, 157
68, 254, 158
69, 254, 158
69, 255, 159
67, 254, 154
70, 254, 154
71, 255, 154
68, 254, 154
68, 254, 154
67, 254, 154
67, 254, 154
65, 255, 154
63, 255, 154
63, 254, 155
61, 255, 155
61, 255, 155
61, 255, 155
63, 254, 157
64, 252, 156
66, 252, 156
66, 252, 156
67, 252, 156
66, 252, 156
65, 255, 154
69, 255, 154
71, 255, 154
68, 254, 154
68, 254, 154
67, 254, 154
67, 254, 154
65, 255, 154
63, 255, 154
63, 254, 155
61, 255, 155
61, 255, 155
61, 255, 155
63, 254, 157
65, 253, 157
67, 253, 157
67, 253, 157
68, 253, 157
66, 252, 156
65, 255, 154
69, 255, 154
69, 255, 154
68, 254, 154
68, 253, 155
67, 254, 155
67, 254, 155
65, 254, 155
63, 254, 155
63, 254, 157
63, 254, 157
63, 254, 157
63, 254, 157
65, 253, 158
65, 253, 158
67, 252, 158
67, 252, 158
68, 252, 158
68, 252, 158
64, 254, 153
66, 254, 152
68, 254, 154
68, 253, 155
68, 253, 155
68, 253, 155
67, 254, 155
67, 254, 155
65, 253, 157
65, 253, 157
63, 254, 157
63, 254, 157
63, 253, 158
65, 253, 158
66, 254, 159
68, 253, 159
68, 253, 159
69, 253, 159
71, 253, 159
62, 252, 151
65, 253, 151
66, 252, 152
67, 252, 154
67, 252, 156
67, 252, 156
66, 252, 156
66, 252, 156
64, 252, 157
64, 252, 157
64, 252, 157
65, 253, 158
66, 253, 161
68, 253, 161
68, 253, 161
70, 253, 162
70, 253, 162
72, 253, 162
75, 254, 163
62, 252, 151
65, 252, 152
65, 252, 152
69, 251, 156
69, 251, 156
69, 251, 156
67, 252, 156
66, 251, 157
66, 251, 157
64, 252, 157
64, 252, 157
66, 253, 161
66, 253, 161
68, 253, 161
69, 254, 162
70, 253, 162
71, 254, 163
73, 253, 164
79, 253, 165
66, 253, 153
64, 254, 153
66, 253, 153
69, 251, 156
69, 251, 157
69, 251, 157
67, 251, 157
66, 251, 157
66, 251, 157
64, 251, 159
64, 251, 159
66, 252, 162
66, 252, 162
69, 253, 163
69, 253, 163
71, 254, 164
74, 254, 165
76, 253, 166
82, 253, 167
65, 253, 157
65, 254, 155
66, 255, 156
67, 251, 157
67, 251, 157
67, 251, 157
66, 251, 157
64, 252, 157
64, 251, 159
62, 251, 159
62, 251, 160
66, 252, 162
68, 252, 162
70, 253, 163
72, 252, 163
77, 253, 164
79, 253, 165
82, 253, 167
88, 252, 167
70, 255, 163
65, 255, 162
60, 252, 157
64, 252, 157
65, 253, 158
63, 252, 160
61, 253, 160
61, 253, 160
60, 251, 160
59, 250, 159
57, 247, 158
72, 255, 169
68, 250, 162
71, 248, 161
83, 254, 168
88, 255, 168
87, 250, 164
89, 250, 164
102, 254, 171
69, 252, 161
69, 255, 164
69, 255, 164
68, 255, 163
69, 255, 164
70, 255, 165
68, 255, 166
67, 255, 165
65, 253, 164
64, 252, 163
66, 252, 163
70, 252, 164
75, 250, 163
81, 249, 166
88, 252, 167
95, 251, 167
97, 249, 166
102, 252, 169
113, 254, 175
75, 249, 161
75, 251, 162
75, 253, 164
73, 251, 162
75, 253, 164
77, 255, 166
76, 253, 166
71, 251, 163
69, 248, 163
71, 247, 163
75, 249, 165
79, 249, 166
87, 253, 170
95, 254, 174
98, 253, 172
106, 253, 173
112, 255, 176
117, 255, 177
121, 253, 177
91, 251, 167
89, 249, 165
88, 251, 166
90, 253, 171
90, 255, 173
92, 255, 173
87, 253, 170
84, 249, 168
83, 248, 167
88, 251, 170
92, 253, 173
96, 252, 175
103, 255, 179
107, 255, 179
108, 250, 175
114, 248, 175
119, 250, 177
115, 241, 169
110, 227, 158
81, 253, 165
79, 253, 165
79, 253, 165
78, 252, 164
78, 251, 165
79, 250, 164
79, 250, 164
81, 250, 164
79, 247, 164
81, 249, 166
83, 248, 167
83, 244, 164
88, 243, 168
98, 247, 173
112, 250, 179
123, 250, 181
76, 255, 164
74, 255, 162
74, 255, 162
76, 255, 164
76, 255, 164
78, 254, 164
78, 254, 165
78, 254, 165
75, 251, 162
77, 253, 164
78, 251, 165
80, 250, 167
81, 248, 167
88, 249, 169
99, 251, 175
112, 254, 179
73, 255, 162
73, 255, 162
73, 255, 162
72, 255, 162
74, 255, 162
76, 255, 162
75, 254, 163
75, 254, 163
74, 253, 162
75, 254, 163
75, 253, 164
75, 253, 164
75, 250, 163
77, 247, 164
85, 246, 166
95, 248, 169
72, 255, 160
72, 255, 160
71, 255, 161
71, 255, 160
72, 254, 160
71, 253, 159
73, 252, 159
72, 251, 158
74, 253, 160
72, 254, 160
74, 255, 164
75, 255, 165
77, 255, 166
77, 252, 165
86, 252, 169
96, 253, 172
70, 255, 157
70, 255, 156
70, 255, 157
72, 255, 157
72, 254, 159
74, 254, 159
76, 253, 160
74, 253, 160
74, 253, 160
75, 254, 161
73, 255, 161
73, 254, 163
74, 252, 163
77, 253, 164
87, 253, 168
96, 254, 170
70, 255, 157
72, 255, 157
72, 255, 157
74, 254, 159
74, 254, 159
76, 253, 160
76, 253, 160
76, 253, 160
74, 253, 160
75, 254, 161
74, 255, 162
75, 254, 163
74, 252, 163
78, 252, 164
87, 253, 168
98, 254, 170
72, 254, 159
74, 254, 159
74, 254, 159
76, 254, 159
76, 253, 160
77, 252, 162
77, 252, 162
76, 252, 162
75, 254, 163
75, 254, 163
76, 255, 164
75, 254, 163
76, 252, 163
80, 252, 164
90, 253, 168
99, 253, 170
74, 254, 159
74, 253, 160
76, 253, 160
76, 253, 160
76, 252, 162
76, 252, 163
77, 251, 163
76, 252, 163
75, 253, 164
74, 255, 164
76, 254, 165
75, 253, 164
78, 252, 164
83, 252, 166
92, 252, 168
104, 253, 173
72, 254, 160
72, 253, 162
74, 253, 162
74, 252, 163
74, 252, 163
74, 251, 164
76, 251, 164
74, 251, 164
71, 253, 165
72, 255, 165
75, 255, 167
76, 253, 166
78, 251, 165
85, 251, 168
95, 252, 171
106, 252, 174
72, 253, 162
72, 253, 162
72, 252, 163
72, 252, 164
72, 252, 164
72, 251, 166
72, 251, 166
70, 251, 166
71, 253, 168
71, 254, 166
73, 254, 169
76, 252, 168
78, 251, 167
85, 251, 168
97, 251, 172
107, 251, 176
70, 253, 163
70, 253, 163
70, 252, 164
70, 252, 164
70, 251, 166
70, 250, 167
70, 250, 167
69, 251, 167
67, 253, 169
68, 255, 169
72, 254, 170
74, 252, 169
79, 251, 169
86, 251, 170
97, 251, 174
109, 251, 176
69, 254, 162
69, 254, 162
69, 253, 163
69, 252, 164
69, 251, 166
70, 251, 166
70, 250, 167
69, 251, 167
65, 254, 169
66, 255, 170
72, 254, 170
77, 253, 170
81, 251, 169
91, 250, 170
102, 250, 174
116, 250, 178
70, 255, 163
69, 255, 162
68, 255, 163
69, 254, 162
69, 252, 162
72, 252, 164
75, 251, 167
72, 253, 168
68, 255, 169
63, 250, 164
73, 254, 169
84, 255, 173
88, 249, 169
96, 247, 168
113, 247, 174
121, 242, 174
68, 255, 160
68, 255, 160
68, 255, 161
70, 255, 163
73, 253, 164
75, 253, 164
77, 252, 165
75, 252, 165
71, 253, 165
67, 248, 163
77, 251, 167
88, 253, 172
94, 248, 169
107, 249, 174
120, 245, 175
121, 234, 167
70, 255, 161
70, 255, 161
72, 255, 164
74, 255, 164
77, 253, 164
77, 250, 164
79, 249, 166
78, 248, 165
80, 254, 170
79, 251, 169
89, 254, 173
97, 253, 176
103, 248, 173
111, 245, 173
112, 231, 163
101, 206, 143
66, 255, 160
59, 250, 153
60, 251, 152
62, 251, 152
64, 251, 152
65, 252, 153
63, 252, 153
62, 253, 154
62, 253, 156
65, 253, 158
66, 251, 159
66, 251, 159
66, 251, 159
66, 251, 157
62, 252, 157
59, 254, 158
59, 255, 159
59, 255, 161
56, 254, 158
62, 253, 162
71, 255, 165
79, 252, 168
85, 248, 166
63, 254, 157
61, 252, 153
63, 252, 153
66, 253, 154
66, 253, 154
66, 253, 154
66, 253, 154
64, 253, 154
64, 252, 156
64, 252, 157
64, 251, 159
66, 251, 159
66, 251, 159
64, 252, 157
63, 253, 158
59, 254, 158
59, 255, 159
56, 254, 158
58, 253, 160
64, 253, 162
72, 254, 166
81, 251, 168
90, 249, 169
61, 252, 155
65, 254, 155
65, 254, 155
67, 254, 155
68, 253, 155
68, 253, 157
68, 253, 157
68, 253, 157
66, 251, 157
64, 251, 159
62, 251, 159
64, 252, 157
64, 252, 157
64, 252, 157
63, 253, 158
62, 254, 159
60, 255, 159
62, 255, 163
66, 255, 165
73, 255, 168
80, 254, 170
90, 253, 172
99, 251, 175
63, 254, 157
66, 255, 156
66, 255, 156
67, 254, 155
68, 253, 157
70, 252, 157
67, 251, 157
67, 251, 157
66, 251, 159
64, 251, 159
62, 251, 159
64, 252, 157
64, 252, 157
65, 253, 158
66, 254, 159
65, 255, 160
65, 254, 162
69, 255, 166
73, 255, 169
78, 255, 172
84, 251, 170
94, 250, 173
106, 251, 177
62, 255, 158
63, 254, 157
65, 253, 157
67, 253, 157
67, 251, 157
67, 251, 157
66, 249, 158
66, 249, 158
63, 250, 158
62, 251, 159
62, 252, 157
64, 252, 157
64, 252, 157
67, 252, 158
68, 253, 159
67, 254, 162
68, 255, 163
70, 254, 164
76, 255, 168
79, 251, 169
84, 245, 167
99, 245, 173
115, 250, 182
61, 254, 157
60, 253, 156
62, 253, 156
66, 251, 157
66, 251, 157
67, 250, 159
66, 251, 159
65, 249, 159
63, 249, 159
60, 252, 159
60, 252, 157
62, 252, 157
65, 253, 158
68, 253, 159
69, 254, 160
70, 255, 163
72, 255, 165
71, 253, 165
81, 255, 171
86, 250, 172
92, 245, 170
109, 248, 180
127, 253, 188
58, 253, 157
58, 253, 156
61, 254, 157
65, 253, 158
65, 253, 158
67, 252, 160
65, 251, 161
65, 251, 162
63, 252, 161
60, 252, 159
60, 252, 157
62, 252, 157
65, 253, 158
68, 253, 159
70, 254, 160
72, 255, 164
74, 254, 165
76, 253, 166
85, 255, 175
92, 252, 176
98, 246, 174
119, 251, 185
129, 250, 189
63, 251, 156
63, 253, 158
63, 254, 157
65, 253, 158
66, 254, 159
66, 253, 161
67, 253, 163
67, 253, 163
65, 254, 163
60, 252, 159
60, 252, 159
64, 251, 159
67, 252, 160
69, 252, 161
75, 254, 163
78, 254, 165
80, 253, 167
84, 250, 167
94, 252, 175
100, 248, 176
107, 241, 175
123, 244, 183
128, 237, 181
70, 245, 155
71, 253, 159
68, 252, 158
69, 253, 159
70, 255, 161
70, 255, 161
67, 252, 160
65, 250, 158
64, 249, 157
61, 250, 159
64, 253, 162
67, 253, 163
69, 252, 162
74, 252, 163
79, 252, 166
85, 251, 166
87, 247, 165
96, 244, 168
108, 246, 174
120, 246, 180
124, 238, 178
119, 221, 166
99, 191, 142
84, 251, 164
76, 251, 161
71, 250, 159
68, 249, 158
67, 251, 157
68, 251, 160
68, 252, 158
68, 251, 160
69, 252, 161
67, 250, 162
70, 253, 165
73, 255, 167
75, 252, 165
81, 252, 166
92, 255, 173
101, 255, 177
109, 255, 179
118, 254, 182
128, 252, 186
126, 239, 179
111, 212, 157
86, 177, 128
62, 143, 98
83, 184, 152
108, 223, 184
113, 239, 197
104, 242, 195
90, 234, 185
74, 227, 172
71, 232, 170
61, 227, 162
59, 227, 161
61, 233, 167
62, 236, 172
60, 234, 170
62, 234, 170
70, 236, 173
72, 228, 167
71, 218, 156
81, 214, 152
118, 234, 197
111, 242, 199
86, 232, 184
69, 227, 173
63, 228, 171
60, 231, 169
57, 230, 162
58, 234, 164
58, 235, 165
54, 236, 165
52, 236, 166
50, 236, 166
51, 234, 166
54, 232, 165
64, 234, 168
67, 227, 161
73, 222, 156
98, 233, 187
78, 225, 175
66, 226, 172
66, 236, 178
60, 236, 176
51, 230, 167
45, 226, 157
56, 238, 167
56, 241, 169
44, 230, 160
39, 227, 156
46, 235, 166
50, 239, 170
49, 234, 166
50, 228, 161
61, 232, 164
70, 228, 161
74, 231, 174
67, 231, 173
62, 230, 171
56, 230, 170
54, 230, 170
50, 232, 168
47, 232, 166
46, 232, 166
47, 232, 166
46, 231, 167
46, 231, 167
46, 231, 167
44, 232, 167
46, 231, 167
49, 231, 166
53, 228, 164
62, 230, 163
64, 233, 170
61, 233, 169
57, 232, 169
54, 231, 168
52, 231, 170
49, 230, 169
46, 231, 167
44, 232, 167
46, 231, 169
46, 231, 169
46, 230, 170
46, 230, 170
44, 231, 169
44, 231, 169
46, 231, 167
48, 230, 165
58, 230, 164
60, 232, 168
57, 231, 167
55, 230, 167
53, 230, 167
51, 230, 169
49, 230, 169
45, 230, 166
43, 231, 166
45, 230, 168
45, 230, 168
45, 230, 168
45, 230, 168
43, 230, 168
43, 230, 168
44, 232, 167
47, 232, 166
57, 232, 165
57, 231, 167
55, 230, 166
52, 229, 166
50, 229, 166
50, 229, 168
49, 230, 169
45, 230, 166
43, 231, 166
45, 230, 168
45, 230, 168
45, 230, 168
43, 230, 168
41, 230, 168
41, 230, 168
43, 233, 168
47, 233, 167
56, 232, 165
55, 231, 164
52, 230, 165
52, 229, 166
50, 229, 166
51, 230, 169
49, 230, 169
45, 230, 166
45, 230, 166
45, 230, 166
45, 230, 166
43, 230, 168
43, 230, 168
41, 230, 168
39, 231, 168
40, 232, 167
45, 233, 167
55, 233, 166
50, 231, 163
50, 231, 163
50, 229, 166
50, 229, 166
49, 230, 169
48, 231, 170
47, 231, 167
46, 231, 167
46, 231, 167
46, 231, 167
46, 231, 169
44, 231, 169
42, 231, 169
40, 232, 169
39, 231, 166
45, 233, 168
53, 233, 168
48, 231, 163
48, 231, 163
48, 230, 166
49, 231, 167
50, 231, 170
49, 232, 171
48, 232, 168
47, 232, 168
48, 232, 168
47, 232, 168
47, 232, 168
45, 233, 168
43, 233, 168
43, 233, 168
42, 232, 167
47, 232, 168
55, 233, 168
46, 232, 162
46, 231, 163
49, 231, 166
50, 232, 168
51, 232, 171
49, 232, 171
49, 233, 169
48, 233, 169
49, 233, 169
49, 233, 169
49, 233, 169
48, 233, 169
46, 234, 169
46, 234, 169
45, 233, 168
49, 233, 169
56, 231, 167
46, 234, 163
45, 232, 163
46, 231, 165
47, 231, 167
49, 230, 169
48, 231, 170
47, 231, 167
46, 232, 166
47, 232, 166
47, 232, 166
47, 232, 166
47, 232, 166
47, 232, 166
47, 232, 166
53, 238, 172
52, 230, 165
64, 233, 171
46, 234, 163
46, 234, 163
47, 232, 164
47, 232, 166
49, 231, 167
48, 232, 168
47, 232, 166
47, 232, 166
47, 232, 166
49, 231, 166
49, 231, 166
51, 231, 166
49, 231, 166
51, 231, 166
48, 226, 161
64, 236, 172
68, 231, 170
46, 234, 163
46, 234, 163
47, 232, 164
47, 232, 166
48, 232, 168
48, 232, 168
47, 232, 166
47, 232, 166
49, 231, 166
51, 231, 166
53, 231, 164
53, 231, 164
56, 232, 165
57, 232, 165
56, 228, 164
74, 237, 175
74, 226, 167
46, 234, 163
46, 234, 163
47, 232, 164
47, 232, 164
48, 233, 167
48, 232, 168
47, 232, 166
49, 231, 166
51, 231, 166
54, 232, 167
56, 232, 165
57, 232, 165
59, 231, 165
61, 231, 165
64, 227, 165
73, 227, 168
88, 228, 174
46, 233, 161
46, 232, 162
46, 231, 163
46, 231, 163
47, 232, 166
47, 232, 166
47, 232, 166
49, 231, 166
51, 232, 164
56, 232, 165
57, 232, 165
62, 232, 166
64, 232, 166
67, 231, 166
67, 223, 162
78, 224, 166
109, 239, 186
45, 232, 160
45, 232, 160
45, 231, 161
45, 230, 162
46, 231, 165
46, 231, 165
47, 232, 166
49, 231, 166
51, 232, 164
56, 232, 165
60, 232, 166
64, 232, 166
68, 232, 167
74, 231, 167
87, 235, 175
93, 230, 174
99, 220, 169
50, 223, 163
45, 227, 163
39, 227, 162
34, 227, 160
35, 229, 162
39, 233, 163
51, 235, 165
52, 233, 164
48, 232, 162
45, 231, 161
42, 230, 159
42, 230, 159
40, 230, 159
40, 230, 159
39, 227, 156
45, 229, 159
51, 230, 161
56, 231, 163
63, 234, 166
67, 234, 167
66, 228, 162
63, 219, 154
53, 226, 164
46, 228, 164
44, 229, 165
40, 229, 167
38, 230, 167
39, 231, 166
41, 232, 165
42, 231, 162
42, 231, 162
42, 231, 162
43, 230, 161
43, 230, 161
43, 228, 160
43, 228, 160
47, 230, 162
48, 231, 163
50, 231, 163
51, 232, 164
53, 231, 164
54, 230, 163
54, 230, 163
58, 227, 164
52, 227, 163
46, 228, 163
44, 229, 165
42, 229, 167
40, 229, 168
38, 230, 167
39, 231, 166
38, 231, 164
40, 231, 164
42, 230, 164
43, 229, 163
44, 229, 163
46, 228, 163
45, 227, 162
49, 229, 164
50, 230, 165
50, 230, 165
49, 231, 166
49, 231, 166
48, 230, 165
48, 230, 165
53, 228, 164
49, 230, 162
45, 230, 164
44, 229, 165
41, 229, 164
41, 228, 166
41, 229, 164
42, 230, 164
42, 231, 162
44, 231, 162
45, 230, 162
45, 230, 162
46, 229, 161
46, 229, 161
48, 229, 161
51, 229, 162
50, 231, 163
50, 231, 163
51, 232, 164
51, 232, 164
50, 231, 163
50, 231, 163
54, 228, 164
48, 231, 163
44, 231, 162
42, 230, 164
41, 229, 164
43, 228, 164
43, 228, 164
45, 230, 164
45, 230, 162
47, 230, 162
47, 230, 162
47, 230, 162
47, 230, 162
49, 230, 162
49, 230, 162
51, 229, 162
52, 230, 163
50, 231, 163
51, 232, 164
51, 232, 164
50, 231, 163
50, 231, 163
54, 229, 162
43, 233, 162
41, 232, 163
42, 231, 162
44, 230, 164
44, 228, 164
46, 228, 163
49, 230, 162
49, 230, 161
49, 230, 161
49, 230, 161
49, 230, 161
50, 231, 162
50, 231, 162
50, 231, 162
49, 230, 161
50, 231, 162
50, 231, 162
51, 232, 163
53, 232, 163
52, 231, 162
52, 231, 162
56, 228, 162
39, 234, 162
39, 234, 162
43, 232, 163
44, 231, 162
47, 229, 164
49, 229, 164
51, 229, 162
51, 230, 161
51, 230, 161
50, 231, 162
50, 231, 162
48, 232, 162
48, 232, 162
48, 232, 162
47, 231, 161
48, 232, 162
50, 231, 162
51, 232, 163
53, 232, 163
52, 231, 162
52, 231, 162
58, 228, 162
38, 235, 161
39, 234, 161
43, 233, 162
46, 231, 163
50, 230, 165
52, 230, 165
51, 229, 162
49, 230, 161
49, 230, 161
48, 232, 162
48, 232, 162
47, 233, 163
47, 233, 163
47, 233, 163
45, 231, 161
46, 232, 162
48, 232, 162
51, 232, 163
53, 232, 163
52, 231, 162
54, 231, 162
60, 228, 162
37, 234, 160
38, 235, 161
43, 233, 162
47, 233, 163
53, 231, 166
53, 231, 164
49, 230, 162
47, 231, 161
47, 231, 161
46, 232, 162
45, 233, 162
46, 234, 163
44, 234, 163
44, 234, 163
42, 232, 161
45, 233, 162
48, 232, 162
51, 232, 163
53, 232, 163
55, 230, 162
57, 230, 162
65, 227, 162
37, 234, 160
40, 235, 162
47, 235, 164
49, 233, 163
53, 228, 164
49, 227, 160
47, 230, 162
44, 232, 161
45, 233, 162
44, 234, 163
42, 234, 163
42, 234, 163
40, 235, 163
40, 235, 163
40, 232, 161
45, 233, 162
54, 238, 168
59, 238, 169
56, 231, 163
62, 233, 165
63, 231, 164
63, 219, 155
38, 233, 160
42, 235, 162
47, 235, 164
49, 232, 164
54, 229, 165
51, 229, 164
47, 232, 164
46, 234, 163
44, 233, 164
43, 235, 164
40, 234, 164
39, 234, 162
38, 233, 163
38, 233, 161
40, 231, 162
41, 229, 158
48, 229, 161
53, 228, 160
60, 228, 162
72, 234, 168
71, 230, 166
63, 210, 148
45, 233, 162
46, 234, 163
47, 232, 164
51, 232, 164
53, 231, 166
53, 231, 166
46, 231, 165
46, 233, 164
44, 232, 166
42, 233, 164
40, 233, 166
39, 234, 164
39, 232, 165
41, 232, 163
47, 233, 167
56, 237, 169
64, 238, 174
65, 231, 166
68, 224, 163
81, 232, 169
83, 227, 168
75, 206, 149
49, 233, 163
47, 232, 164
48, 231, 163
49, 229, 164
52, 229, 166
53, 230, 167
45, 227, 163
43, 229, 163
42, 230, 164
43, 231, 165
42, 233, 166
42, 233, 166
42, 233, 166
46, 232, 166
51, 231, 166
61, 233, 169
72, 235, 173
78, 231, 170
87, 229, 170
97, 233, 175
85, 214, 157
61, 177, 124
55, 231, 164
50, 231, 163
49, 229, 164
48, 227, 164
50, 227, 164
51, 228, 165
49, 228, 165
47, 229, 165
46, 230, 166
46, 230, 166
46, 231, 167
45, 230, 166
48, 230, 166
52, 229, 166
56, 225, 163
61, 221, 161
74, 224, 165
90, 227, 171
102, 229, 174
103, 219, 166
65, 175, 123
19, 118, 70
57, 234, 165
45, 230, 162
34, 225, 158
41, 234, 167
38, 230, 165
40, 230, 165
45, 231, 165
46, 231, 165
46, 231, 165
49, 232, 164
47, 232, 164
47, 233, 163
46, 233, 164
44, 233, 164
59, 240, 172
44, 230, 164
33, 224, 157
45, 237, 172
40, 230, 165
42, 230, 165
45, 230, 166
46, 231, 165
46, 231, 165
47, 232, 166
46, 232, 166
46, 233, 164
47, 232, 166
46, 231, 165
51, 233, 168
44, 230, 164
37, 227, 162
41, 231, 166
42, 230, 165
44, 229, 165
46, 230, 166
46, 230, 166
46, 230, 166
46, 232, 166
44, 232, 166
44, 232, 166
49, 231, 166
51, 231, 166
46, 225, 162
43, 227, 163
45, 230, 168
40, 225, 163
44, 229, 167
45, 228, 167
46, 229, 168
46, 229, 168
45, 230, 168
44, 232, 167
40, 232, 167
44, 232, 167
51, 230, 167
55, 230, 167
48, 227, 164
44, 228, 164
49, 234, 170
45, 230, 166
44, 229, 167
45, 228, 167
46, 229, 168
46, 229, 168
45, 230, 168
44, 231, 169
42, 232, 167
46, 231, 167
54, 231, 168
56, 231, 167
49, 229, 164
44, 229, 163
44, 230, 164
43, 231, 165
42, 230, 165
44, 229, 165
45, 230, 166
46, 230, 166
46, 230, 166
47, 231, 167
47, 231, 167
49, 231, 167
53, 231, 166
57, 233, 166
49, 230, 162
47, 230, 162
45, 231, 165
45, 233, 167
42, 230, 164
43, 231, 165
45, 230, 166
46, 230, 166
48, 230, 166
51, 230, 167
51, 230, 167
53, 231, 166
55, 233, 166
56, 234, 167
51, 230, 161
50, 231, 162
47, 232, 164
48, 235, 166
45, 232, 163
45, 232, 163
46, 231, 165
46, 231, 165
49, 231, 166
51, 231, 166
53, 231, 166
53, 231, 166
51, 232, 164
52, 233, 165
53, 230, 161
49, 230, 161
49, 233, 163
48, 233, 165
45, 232, 163
45, 232, 163
46, 231, 165
47, 232, 166
49, 231, 166
51, 231, 166
54, 232, 167
54, 232, 165
49, 232, 164
49, 234, 166
53, 230, 160
48, 230, 159
47, 232, 160
46, 232, 162
45, 233, 162
45, 233, 162
46, 233, 164
47, 232, 164
49, 232, 164
52, 233, 165
54, 232, 165
52, 233, 165
50, 235, 167
52, 240, 169
51, 231, 160
46, 231, 159
44, 231, 159
44, 232, 160
44, 234, 163
44, 234, 163
44, 233, 164
46, 233, 164
48, 233, 165
50, 233, 165
52, 233, 165
50, 233, 165
48, 234, 164
53, 239, 169
152, 241, 215
152, 245, 218
154, 249, 222
153, 250, 223
151, 249, 219
149, 249, 219
151, 251, 221
154, 254, 224
147, 247, 217
153, 254, 222
158, 255, 223
153, 248, 214
143, 237, 202
133, 221, 185
110, 194, 159
148, 250, 225
139, 246, 220
132, 241, 215
129, 239, 213
130, 241, 213
131, 244, 216
133, 246, 218
134, 247, 219
137, 250, 223
139, 250, 222
135, 245, 217
135, 243, 214
144, 251, 219
154, 255, 225
152, 246, 215
127, 243, 214
124, 243, 214
122, 244, 214
120, 244, 214
121, 245, 215
121, 245, 215
121, 246, 214
121, 245, 215
123, 246, 220
122, 245, 219
122, 242, 217
123, 242, 214
123, 241, 212
128, 242, 212
137, 244, 212
120, 245, 213
116, 246, 213
115, 245, 214
115, 245, 214
114, 247, 215
114, 247, 215
114, 247, 214
114, 247, 215
116, 247, 220
115, 245, 220
113, 244, 217
114, 244, 214
115, 244, 213
119, 244, 212
126, 246, 212
115, 247, 211
113, 247, 211
111, 247, 213
111, 247, 213
112, 248, 214
112, 248, 214
112, 248, 214
112, 247, 215
112, 248, 220
111, 246, 220
109, 245, 217
108, 245, 214
110, 245, 213
112, 245, 212
116, 246, 211
111, 247, 211
111, 247, 213
109, 247, 213
109, 247, 213
112, 247, 215
112, 247, 215
112, 247, 215
112, 246, 216
111, 246, 220
109, 245, 219
106, 246, 217
105, 245, 214
105, 246, 213
107, 246, 212
111, 247, 211
111, 246, 214
111, 246, 214
111, 245, 215
111, 245, 215
114, 245, 218
114, 245, 218
116, 244, 219
114, 244, 219
112, 244, 221
108, 244, 218
106, 246, 217
105, 245, 214
103, 246, 213
103, 247, 212
107, 247, 210
111, 244, 217
111, 244, 217
113, 243, 218
113, 243, 220
116, 243, 221
117, 242, 222
119, 242, 222
117, 242, 222
113, 242, 221
109, 243, 220
108, 244, 218
106, 246, 217
103, 246, 214
101, 247, 213
102, 246, 211
111, 243, 220
113, 243, 220
115, 242, 221
116, 241, 222
119, 241, 225
119, 240, 226
121, 239, 226
119, 240, 226
114, 240, 221
111, 243, 220
108, 244, 220
106, 245, 218
103, 246, 214
101, 247, 213
100, 246, 211
113, 243, 220
115, 242, 221
116, 241, 222
116, 240, 224
119, 240, 226
121, 239, 226
123, 239, 226
121, 239, 226
114, 240, 221
112, 241, 220
109, 243, 220
108, 244, 218
103, 245, 216
101, 247, 213
100, 246, 211
111, 241, 218
114, 241, 220
117, 242, 222
118, 243, 224
120, 242, 224
120, 242, 224
121, 241, 223
118, 240, 222
115, 240, 221
112, 241, 220
111, 243, 220
109, 244, 218
106, 246, 217
104, 247, 214
101, 249, 213
113, 241, 216
114, 241, 219
116, 242, 220
117, 243, 221
120, 243, 223
119, 243, 221
121, 242, 221
118, 242, 220
115, 240, 220
113, 242, 221
113, 243, 220
112, 245, 219
109, 246, 218
106, 247, 214
102, 248, 213
114, 243, 216
114, 242, 217
115, 243, 218
116, 244, 219
117, 243, 221
117, 244, 219
119, 243, 219
116, 242, 220
115, 242, 221
114, 243, 222
114, 244, 221
112, 245, 218
110, 247, 216
109, 248, 214
106, 248, 211
114, 244, 214
114, 243, 216
115, 244, 217
115, 244, 217
115, 243, 218
117, 244, 218
117, 244, 218
117, 244, 219
114, 244, 221
114, 244, 221
115, 245, 220
113, 246, 219
112, 247, 215
110, 248, 214
108, 249, 210
114, 244, 214
114, 244, 214
112, 244, 214
112, 244, 214
112, 243, 216
115, 245, 215
115, 245, 215
116, 246, 216
112, 245, 218
112, 245, 218
112, 246, 216
112, 247, 215
112, 248, 214
111, 247, 211
110, 247, 209
114, 244, 213
112, 245, 213
111, 243, 213
111, 244, 212
112, 244, 214
112, 245, 213
113, 246, 214
112, 247, 215
110, 247, 216
110, 247, 216
110, 247, 215
112, 248, 214
113, 247, 211
114, 246, 209
113, 246, 206
114, 245, 212
112, 245, 212
111, 244, 212
109, 245, 211
109, 244, 212
110, 246, 212
111, 247, 213
110, 248, 214
108, 247, 213
106, 248, 213
109, 247, 213
111, 247, 211
114, 246, 209
114, 246, 206
115, 245, 204
115, 245, 212
114, 245, 212
111, 244, 211
108, 244, 210
109, 245, 211
110, 246, 210
111, 247, 211
110, 249, 212
105, 247, 212
105, 247, 210
108, 247, 210
112, 247, 209
114, 246, 206
117, 245, 204
120, 244, 202
122, 248, 213
120, 248, 213
118, 248, 213
117, 249, 213
117, 249, 213
114, 249, 211
114, 249, 211
112, 249, 211
105, 245, 208
105, 244, 207
112, 246, 210
113, 244, 207
115, 240, 201
126, 248, 208
137, 255, 214
123, 243, 209
122, 243, 209
120, 243, 209
119, 242, 208
116, 242, 206
115, 241, 205
114, 240, 204
112, 241, 204
112, 244, 208
107, 239, 202
112, 238, 202
118, 239, 201
124, 239, 200
134, 245, 207
140, 247, 208
112, 244, 214
108, 245, 214
108, 245, 214
107, 245, 214
107, 245, 214
107, 245, 214
107, 245, 214
107, 245, 214
109, 243, 213
115, 247, 217
116, 246, 216
115, 241, 212
117, 238, 210
123, 240, 213
124, 241, 214
130, 237, 210
154, 244, 215
107, 244, 213
106, 245, 212
106, 245, 212
106, 245, 212
107, 244, 212
108, 245, 213
110, 245, 213
110, 245, 213
112, 242, 211
114, 244, 213
116, 245, 214
118, 245, 214
122, 246, 216
125, 247, 217
123, 245, 215
124, 241, 210
138, 242, 207
107, 245, 214
107, 246, 213
108, 245, 213
107, 244, 212
111, 244, 212
113, 243, 212
113, 243, 212
114, 243, 212
120, 247, 216
120, 244, 214
118, 242, 212
119, 243, 213
121, 245, 215
123, 247, 217
122, 246, 216
123, 244, 210
127, 241, 201
108, 246, 215
109, 246, 214
110, 245, 213
112, 245, 213
114, 243, 212
116, 243, 212
120, 242, 212
121, 240, 211
125, 244, 215
124, 243, 214
122, 241, 212
121, 243, 213
121, 243, 213
117, 241, 211
114, 241, 210
116, 242, 206
122, 245, 201
110, 247, 216
110, 247, 215
111, 245, 215
114, 244, 213
115, 243, 214
118, 242, 212
119, 241, 211
121, 240, 211
117, 236, 207
119, 238, 209
124, 243, 214
125, 247, 217
122, 246, 216
116, 243, 212
115, 242, 211
116, 244, 209
112, 244, 198
108, 245, 214
108, 245, 214
110, 243, 216
112, 244, 214
114, 243, 216
114, 244, 214
115, 243, 214
117, 243, 214
117, 243, 214
117, 243, 214
117, 244, 213
118, 245, 214
116, 245, 214
116, 245, 214
116, 245, 214
116, 247, 214
111, 246, 208
110, 243, 216
110, 243, 216
110, 243, 216
112, 243, 216
112, 243, 216
114, 243, 216
114, 244, 214
114, 244, 214
115, 243, 214
115, 243, 214
115, 244, 213
116, 245, 214
116, 245, 214
115, 245, 214
116, 245, 214
114, 247, 214
107, 245, 211
110, 243, 216
112, 242, 217
112, 242, 217
114, 242, 217
114, 243, 216
115, 242, 216
115, 242, 216
115, 242, 216
117, 243, 214
117, 243, 214
117, 243, 214
118, 244, 215
118, 245, 214
116, 245, 214
118, 245, 214
116, 247, 214
108, 247, 213
109, 242, 216
111, 241, 216
113, 241, 216
113, 241, 216
114, 241, 215
114, 241, 215
114, 241, 215
114, 241, 215
117, 243, 214
117, 243, 214
117, 243, 214
118, 244, 215
118, 245, 214
118, 245, 214
118, 245, 214
116, 246, 215
112, 251, 217
109, 242, 216
113, 241, 216
113, 241, 216
113, 241, 216
114, 241, 216
114, 241, 216
114, 241, 215
114, 241, 215
115, 242, 216
115, 242, 216
117, 243, 214
118, 244, 215
120, 243, 215
120, 243, 215
120, 243, 215
116, 246, 215
111, 253, 218
109, 242, 215
113, 241, 216
113, 241, 216
113, 241, 216
113, 241, 216
113, 241, 216
113, 242, 215
113, 242, 215
114, 243, 216
114, 243, 216
115, 243, 214
118, 244, 215
118, 244, 215
120, 243, 215
120, 243, 215
116, 246, 215
109, 251, 216
108, 241, 214
110, 240, 215
110, 240, 215
110, 240, 215
110, 240, 215
110, 240, 215
110, 241, 214
110, 241, 214
112, 243, 216
112, 243, 216
114, 244, 214
115, 245, 215
116, 244, 215
118, 244, 215
118, 244, 215
116, 246, 215
106, 248, 213
108, 241, 214
108, 241, 215
108, 241, 215
108, 241, 215
108, 241, 215
106, 242, 214
106, 242, 214
106, 242, 214
108, 244, 216
110, 244, 214
110, 244, 214
113, 245, 215
115, 245, 215
116, 244, 215
116, 244, 215
116, 246, 215
107, 245, 211
108, 241, 214
108, 241, 214
110, 243, 216
110, 246, 218
110, 246, 218
106, 243, 215
104, 241, 213
104, 242, 211
107, 245, 214
107, 244, 213
106, 243, 212
108, 243, 211
111, 244, 212
115, 245, 214
116, 245, 214
116, 247, 214
108, 242, 206
120, 252, 222
115, 247, 217
108, 241, 214
105, 239, 209
103, 239, 211
105, 243, 212
109, 247, 216
113, 252, 219
105, 243, 212
106, 243, 211
108, 245, 213
112, 248, 214
116, 249, 217
118, 249, 216
119, 246, 214
118, 246, 211
132, 255, 223
101, 241, 204
101, 241, 204
102, 242, 205
103, 241, 207
103, 241, 207
103, 241, 207
103, 240, 208
103, 242, 209
103, 242, 209
103, 242, 209
104, 241, 209
109, 244, 212
106, 242, 208
102, 242, 205
102, 241, 207
102, 241, 207
103, 241, 207
103, 240, 208
103, 240, 208
103, 242, 209
103, 241, 210
103, 241, 210
104, 242, 211
105, 242, 211
112, 244, 214
112, 242, 211
101, 243, 208
101, 242, 209
101, 242, 209
103, 242, 209
103, 241, 210
103, 241, 210
104, 242, 211
104, 241, 213
102, 242, 213
103, 243, 214
106, 243, 212
115, 245, 215
114, 243, 212
99, 243, 208
101, 242, 209
101, 242, 209
101, 241, 210
102, 242, 211
102, 242, 211
102, 242, 211
103, 243, 212
103, 243, 212
103, 243, 212
106, 243, 212
116, 243, 217
117, 243, 214
100, 246, 211
99, 242, 209
96, 239, 207
99, 241, 212
100, 242, 213
100, 243, 211
102, 242, 211
102, 243, 210
105, 244, 211
105, 244, 210
108, 243, 211
112, 237, 211
125, 245, 221
100, 243, 210
99, 242, 210
97, 240, 208
99, 241, 212
99, 241, 212
102, 242, 211
102, 242, 211
104, 243, 210
106, 244, 210
106, 244, 210
110, 243, 210
114, 239, 213
122, 242, 218
100, 241, 208
100, 240, 209
101, 241, 212
101, 241, 212
101, 241, 212
103, 241, 210
105, 242, 211
105, 242, 210
107, 243, 209
108, 244, 210
110, 243, 210
116, 242, 213
117, 240, 212
100, 239, 206
100, 240, 209
102, 242, 213
103, 240, 212
103, 240, 212
104, 241, 210
104, 241, 210
107, 241, 211
107, 242, 210
109, 242, 210
109, 242, 209
115, 244, 213
110, 239, 208
100, 239, 206
100, 240, 209
102, 242, 211
100, 240, 211
100, 240, 211
103, 240, 212
104, 241, 210
106, 240, 210
107, 242, 210
109, 242, 210
109, 242, 209
112, 245, 212
107, 241, 205
100, 239, 206
100, 240, 209
99, 242, 210
98, 240, 211
98, 240, 211
100, 240, 211
101, 241, 212
104, 241, 210
104, 241, 210
107, 242, 210
107, 243, 209
109, 245, 209
108, 243, 205
98, 241, 208
96, 242, 208
96, 242, 208
95, 241, 209
95, 241, 209
96, 241, 209
96, 241, 209
101, 241, 210
101, 241, 210
103, 241, 210
103, 242, 208
109, 246, 208
108, 244, 202
99, 243, 208
96, 242, 208
94, 241, 207
93, 242, 208
93, 242, 209
95, 241, 209
95, 241, 209
97, 242, 210
99, 242, 210
101, 241, 210
103, 242, 208
112, 247, 207
110, 242, 201
94, 239, 201
89, 235, 200
94, 242, 206
88, 238, 202
89, 241, 206
91, 240, 206
91, 238, 204
92, 238, 204
98, 241, 208
104, 244, 213
107, 245, 211
122, 251, 212
123, 247, 205
100, 203, 146
119, 223, 168
127, 235, 182
132, 246, 193
140, 255, 203
143, 255, 210
136, 255, 207
128, 253, 204
127, 255, 206
124, 255, 209
120, 255, 207
116, 252, 204
117, 253, 205
118, 253, 205
117, 252, 202
116, 250, 198
115, 247, 194
115, 242, 190
118, 240, 186
127, 239, 181
133, 248, 191
133, 252, 197
129, 252, 196
129, 255, 201
128, 255, 203
122, 252, 199
116, 250, 198
115, 252, 201
111, 252, 201
106, 250, 198
108, 252, 203
108, 253, 201
109, 253, 201
108, 252, 199
110, 250, 196
107, 248, 191
106, 245, 188
112, 243, 186
128, 250, 190
125, 251, 192
122, 251, 194
121, 254, 197
118, 255, 198
115, 254, 197
111, 251, 197
108, 253, 198
107, 255, 201
106, 255, 202
102, 255, 200
102, 255, 202
102, 255, 201
103, 255, 201
102, 255, 199
105, 254, 198
103, 253, 194
103, 250, 192
107, 249, 190
117, 251, 191
117, 253, 195
115, 255, 196
113, 255, 198
110, 255, 197
107, 254, 196
105, 255, 196
104, 255, 199
102, 255, 200
100, 255, 201
97, 255, 200
96, 255, 199
94, 255, 198
97, 255, 199
99, 255, 197
101, 255, 197
101, 255, 196
101, 255, 195
105, 255, 193
109, 254, 192
111, 255, 198
107, 255, 197
104, 255, 192
103, 254, 191
101, 254, 193
100, 255, 194
98, 254, 194
94, 254, 194
92, 254, 196
91, 255, 197
90, 254, 196
90, 254, 196
93, 255, 197
93, 255, 195
95, 255, 195
96, 255, 195
98, 255, 195
100, 255, 192
106, 255, 196
105, 255, 199
98, 254, 193
100, 255, 192
100, 255, 192
100, 255, 195
101, 255, 196
99, 255, 197
95, 255, 195
94, 255, 198
94, 255, 200
92, 255, 198
92, 255, 198
92, 255, 196
93, 255, 195
93, 255, 194
94, 255, 193
94, 255, 191
94, 255, 190
95, 254, 190
95, 255, 194
94, 255, 193
101, 255, 194
102, 255, 194
101, 255, 196
101, 255, 196
99, 255, 197
97, 255, 197
96, 255, 198
94, 255, 198
92, 254, 196
93, 255, 197
93, 255, 195
96, 255, 196
96, 255, 195
97, 255, 194
97, 255, 192
94, 255, 190
91, 254, 192
91, 255, 195
92, 255, 194
100, 255, 195
101, 255, 193
100, 255, 195
100, 255, 195
99, 255, 195
97, 255, 195
97, 254, 197
97, 254, 197
96, 253, 196
97, 254, 197
97, 254, 197
98, 255, 196
98, 255, 196
97, 255, 194
99, 255, 194
94, 255, 190
91, 254, 192
91, 255, 195
92, 255, 194
99, 255, 194
100, 255, 194
100, 254, 195
99, 253, 194
99, 252, 196
98, 253, 196
97, 251, 196
97, 251, 196
99, 253, 198
99, 254, 197
100, 255, 198
100, 255, 196
100, 255, 196
100, 255, 195
100, 255, 194
97, 255, 192
91, 254, 192
93, 255, 195
92, 255, 194
99, 255, 195
99, 254, 193
99, 253, 194
99, 252, 196
99, 252, 196
98, 251, 196
98, 251, 196
98, 251, 196
100, 252, 199
100, 253, 198
101, 254, 199
101, 254, 198
101, 254, 198
101, 255, 196
100, 254, 195
99, 255, 192
93, 254, 192
95, 255, 195
94, 254, 194
96, 254, 194
98, 254, 194
98, 253, 196
98, 253, 196
98, 252, 197
98, 251, 198
99, 252, 199
99, 252, 199
100, 251, 201
101, 253, 200
101, 253, 200
102, 255, 200
101, 255, 199
100, 255, 196
100, 255, 196
99, 255, 194
95, 254, 192
96, 253, 196
94, 251, 194
94, 252, 192
95, 253, 193
95, 252, 195
96, 252, 197
97, 253, 199
99, 252, 199
100, 253, 202
100, 253, 202
100, 253, 202
100, 253, 202
102, 253, 203
101, 254, 201
101, 255, 200
101, 255, 199
100, 255, 198
100, 255, 195
97, 253, 192
97, 252, 195
94, 249, 192
89, 249, 191
90, 250, 192
91, 250, 194
92, 251, 195
94, 252, 198
97, 252, 201
98, 252, 203
98, 252, 203
98, 252, 203
98, 253, 202
101, 254, 203
99, 255, 201
99, 255, 200
99, 255, 199
98, 255, 198
98, 255, 196
96, 255, 193
96, 252, 192
90, 248, 188
87, 247, 189
86, 248, 190
87, 248, 192
89, 250, 194
92, 250, 196
94, 252, 198
97, 252, 201
98, 253, 202
98, 252, 203
98, 252, 203
99, 254, 203
99, 254, 203
99, 255, 201
99, 255, 201
96, 255, 199
98, 255, 198
88, 250, 185
89, 248, 184
88, 249, 187
86, 249, 188
85, 250, 189
86, 250, 192
87, 251, 193
90, 251, 195
91, 252, 196
94, 252, 198
94, 252, 198
97, 252, 201
98, 253, 202
99, 253, 204
100, 254, 205
98, 255, 204
98, 255, 204
97, 254, 204
98, 254, 200
87, 252, 185
88, 250, 184
86, 250, 185
87, 250, 188
86, 251, 190
88, 251, 190
89, 251, 193
91, 253, 195
94, 254, 196
94, 253, 197
97, 253, 198
97, 253, 199
98, 253, 202
101, 254, 203
100, 254, 205
100, 254, 205
99, 253, 204
98, 252, 203
98, 253, 202
88, 253, 185
86, 251, 183
85, 250, 183
88, 251, 189
89, 252, 190
91, 252, 190
92, 252, 192
93, 253, 193
96, 254, 194
97, 254, 197
99, 253, 198
99, 253, 198
100, 253, 200
102, 254, 201
102, 255, 204
102, 255, 204
101, 254, 203
100, 253, 202
100, 252, 199
88, 254, 183
87, 252, 184
84, 249, 181
91, 253, 188
92, 253, 191
92, 253, 191
95, 254, 192
96, 254, 194
96, 254, 194
99, 254, 197
100, 253, 197
100, 253, 198
103, 253, 199
104, 254, 201
104, 254, 201
104, 253, 203
103, 252, 202
102, 251, 201
103, 250, 198
89, 254, 181
87, 253, 182
83, 249, 178
92, 254, 188
94, 253, 189
95, 254, 190
97, 254, 190
98, 254, 193
98, 254, 193
100, 254, 195
100, 254, 195
101, 252, 196
104, 253, 197
105, 253, 199
106, 254, 200
108, 253, 201
107, 252, 200
106, 251, 199
106, 250, 197
90, 252, 180
89, 254, 181
86, 250, 179
94, 255, 187
94, 254, 188
96, 253, 189
97, 254, 190
97, 253, 192
97, 253, 192
99, 253, 194
101, 253, 194
102, 251, 195
105, 251, 196
106, 252, 198
108, 252, 199
109, 253, 201
111, 252, 201
110, 251, 200
111, 251, 198
91, 249, 178
93, 254, 179
90, 252, 180
95, 253, 186
95, 253, 187
97, 253, 188
97, 253, 188
97, 253, 189
97, 253, 189
100, 253, 192
100, 253, 192
100, 250, 191
104, 251, 193
106, 251, 196
110, 253, 198
113, 253, 200
115, 252, 200
115, 252, 201
117, 251, 199
103, 246, 183
105, 250, 188
106, 253, 191
104, 255, 192
99, 254, 193
98, 254, 193
94, 252, 192
93, 253, 195
94, 253, 197
95, 253, 199
95, 253, 199
95, 252, 201
97, 251, 202
95, 252, 202
94, 251, 201
94, 251, 200
97, 252, 201
101, 252, 202
103, 252, 202
108, 253, 201
108, 254, 200
110, 255, 200
108, 251, 194
116, 255, 197
119, 255, 194
121, 252, 189
123, 249, 183
98, 247, 183
100, 252, 187
101, 254, 191
99, 255, 191
96, 254, 194
94, 254, 194
93, 253, 195
94, 254, 196
92, 252, 198
93, 253, 199
93, 253, 201
93, 253, 201
94, 251, 201
94, 251, 201
92, 252, 200
92, 252, 200
97, 252, 201
100, 253, 202
103, 252, 202
106, 253, 203
106, 253, 201
105, 255, 201
102, 252, 198
108, 255, 199
111, 255, 198
115, 255, 193
122, 255, 192
97, 249, 184
98, 252, 187
98, 254, 190
98, 255, 191
96, 254, 194
94, 254, 194
94, 254, 196
93, 255, 197
93, 253, 199
93, 253, 199
95, 252, 201
95, 252, 201
94, 251, 201
93, 250, 200
92, 252, 200
92, 252, 200
97, 252, 201
100, 253, 202
103, 252, 202
104, 253, 203
104, 254, 201
103, 255, 201
97, 250, 195
103, 255, 196
106, 254, 194
109, 252, 189
117, 255, 191
95, 249, 184
96, 252, 187
97, 254, 190
96, 255, 191
94, 254, 194
94, 254, 194
93, 255, 197
93, 255, 197
94, 254, 200
94, 254, 200
95, 252, 201
94, 251, 200
94, 251, 201
93, 250, 200
90, 252, 200
90, 252, 200
95, 252, 201
98, 253, 202
101, 252, 202
102, 253, 203
102, 254, 201
102, 255, 201
97, 251, 196
100, 255, 196
102, 255, 194
103, 251, 187
109, 251, 186
93, 251, 185
93, 253, 187
95, 254, 190
93, 255, 190
94, 254, 194
92, 255, 194
94, 255, 198
94, 255, 198
94, 254, 200
94, 254, 200
96, 253, 202
97, 252, 201
96, 250, 201
93, 250, 200
90, 252, 200
90, 252, 200
95, 252, 201
98, 253, 202
100, 253, 202
101, 254, 203
99, 255, 201
98, 255, 201
98, 255, 201
100, 255, 200
103, 255, 198
102, 255, 191
107, 253, 188
92, 252, 186
91, 253, 187
92, 254, 189
91, 255, 190
91, 254, 193
92, 255, 194
93, 255, 197
94, 255, 198
94, 254, 200
96, 254, 200
98, 253, 202
98, 253, 202
99, 251, 202
96, 250, 201
90, 252, 200
89, 252, 200
93, 253, 201
96, 253, 202
98, 253, 202
99, 254, 203
97, 255, 201
96, 255, 201
95, 255, 200
96, 255, 198
98, 255, 197
100, 255, 192
105, 255, 189
90, 252, 186
91, 253, 187
92, 254, 189
91, 255, 190
91, 254, 193
90, 255, 194
91, 255, 197
93, 255, 197
94, 254, 200
96, 254, 200
98, 253, 202
98, 253, 202
100, 252, 203
98, 252, 203
90, 252, 200
89, 252, 200
93, 253, 201
96, 253, 202
96, 253, 202
97, 254, 203
95, 255, 201
94, 255, 201
90, 255, 198
89, 255, 194
89, 255, 192
96, 255, 190
100, 255, 188
90, 252, 186
91, 253, 187
90, 254, 189
91, 255, 190
89, 254, 193
89, 254, 193
90, 254, 196
93, 255, 197
96, 254, 200
96, 254, 200
99, 254, 203
101, 254, 203
102, 253, 204
98, 252, 203
90, 252, 200
89, 252, 200
91, 253, 201
94, 254, 202
96, 253, 202
95, 255, 203
95, 255, 201
93, 255, 201
94, 255, 202
89, 255, 196
90, 255, 193
94, 255, 190
99, 255, 189
90, 252, 186
91, 253, 187
90, 254, 189
91, 255, 190
92, 255, 194
92, 255, 194
94, 255, 198
94, 255, 198
96, 254, 200
97, 255, 201
99, 254, 203
101, 254, 203
102, 253, 204
99, 253, 204
91, 253, 201
90, 253, 201
91, 253, 201
94, 254, 202
96, 253, 202
94, 254, 202
95, 255, 201
92, 255, 200
90, 255, 198
88, 255, 195
90, 255, 193
93, 255, 189
98, 255, 188
93, 253, 187
92, 254, 188
92, 254, 189
91, 255, 190
92, 255, 194
92, 255, 194
93, 255, 197
94, 255, 198
96, 254, 200
98, 254, 200
101, 254, 203
101, 254, 203
103, 254, 205
100, 254, 205
91, 253, 201
88, 254, 201
92, 254, 202
92, 254, 202
96, 253, 202
97, 254, 203
95, 255, 201
93, 255, 200
90, 255, 198
90, 255, 195
90, 255, 193
93, 255, 189
98, 255, 188
97, 253, 188
97, 255, 189
95, 254, 190
93, 255, 190
94, 254, 194
94, 254, 194
94, 254, 196
95, 255, 197
97, 253, 199
98, 254, 200
101, 254, 203
102, 255, 204
103, 254, 205
101, 255, 206
92, 254, 202
89, 255, 202
92, 254, 202
93, 255, 203
97, 254, 203
97, 254, 203
95, 255, 201
93, 255, 200
90, 255, 198
90, 255, 195
92, 255, 193
95, 255, 189
101, 253, 187
100, 254, 189
98, 254, 189
97, 254, 190
96, 255, 191
96, 254, 194
94, 254, 194
93, 253, 195
94, 254, 196
96, 252, 198
97, 253, 199
101, 254, 203
102, 255, 204
103, 254, 205
101, 255, 206
93, 255, 203
92, 255, 203
93, 255, 203
95, 255, 203
97, 254, 203
97, 254, 203
97, 255, 201
95, 255, 200
91, 254, 198
91, 255, 195
94, 255, 193
98, 254, 189
102, 252, 186
104, 253, 189
102, 254, 189
100, 253, 190
99, 255, 191
98, 254, 194
96, 254, 194
95, 252, 195
95, 252, 195
98, 251, 198
99, 252, 199
100, 253, 202
101, 254, 203
103, 254, 205
101, 255, 206
93, 255, 203
92, 255, 203
93, 255, 203
95, 255, 203
97, 254, 203
99, 254, 203
98, 254, 200
96, 255, 199
94, 253, 197
94, 254, 194
98, 254, 193
100, 254, 189
105, 251, 186
104, 252, 188
104, 253, 189
102, 253, 190
100, 253, 190
99, 253, 194
98, 254, 194
97, 252, 195
96, 253, 196
98, 251, 198
99, 252, 199
100, 253, 202
101, 254, 203
102, 253, 204
100, 254, 205
92, 254, 202
91, 254, 202
92, 254, 202
96, 253, 202
98, 253, 202
97, 252, 201
97, 253, 199
97, 253, 198
96, 252, 197
96, 254, 194
99, 254, 193
104, 253, 189
108, 250, 185
107, 250, 187
106, 252, 188
103, 252, 189
102, 253, 190
101, 253, 194
99, 253, 194
98, 253, 196
98, 253, 196
98, 251, 198
99, 252, 199
99, 252, 201
100, 253, 202
101, 252, 203
98, 252, 203
92, 254, 202
91, 254, 202
91, 253, 201
95, 252, 201
97, 252, 201
98, 251, 200
98, 251, 198
98, 252, 197
98, 252, 197
98, 254, 194
101, 254, 193
105, 253, 189
108, 248, 184
109, 249, 186
109, 250, 187
106, 251, 189
105, 252, 190
105, 253, 193
103, 253, 194
101, 253, 194
101, 252, 196
102, 252, 198
102, 252, 199
102, 252, 199
102, 251, 201
105, 252, 202
101, 252, 202
93, 253, 201
91, 253, 201
93, 253, 199
94, 252, 198
96, 252, 198
97, 251, 196
97, 251, 196
98, 251, 195
99, 253, 194
103, 253, 193
108, 253, 191
111, 251, 188
116, 247, 184
117, 250, 187
109, 245, 181
108, 245, 183
114, 253, 192
118, 255, 197
113, 255, 196
111, 254, 197
111, 254, 199
109, 254, 199
107, 251, 198
107, 249, 196
106, 247, 196
107, 248, 197
106, 251, 199
98, 254, 200
92, 252, 198
92, 251, 195
92, 252, 194
93, 253, 193
96, 255, 193
97, 254, 190
99, 253, 188
103, 252, 188
112, 255, 191
118, 254, 190
118, 248, 185
121, 242, 181
124, 248, 188
122, 249, 188
119, 248, 187
120, 252, 192
119, 253, 193
113, 249, 191
117, 254, 198
117, 255, 199
115, 255, 201
113, 253, 199
110, 250, 197
108, 248, 195
108, 247, 196
104, 248, 196
95, 247, 194
91, 247, 192
92, 247, 190
93, 249, 189
96, 252, 191
99, 255, 191
102, 255, 191
105, 255, 189
105, 249, 184
116, 252, 188
124, 251, 189
127, 248, 187
131, 243, 185
89, 252, 190
88, 254, 191
88, 254, 191
92, 252, 192
93, 253, 193
94, 254, 194
93, 255, 195
93, 255, 195
91, 255, 195
91, 255, 197
91, 255, 197
95, 255, 200
97, 255, 200
101, 255, 200
105, 255, 201
110, 255, 203
112, 255, 204
114, 255, 204
122, 255, 204
134, 253, 202
88, 254, 191
88, 253, 192
88, 253, 192
93, 253, 193
95, 254, 192
94, 254, 194
95, 255, 195
93, 255, 195
93, 255, 195
91, 255, 197
91, 255, 197
94, 255, 199
94, 255, 199
99, 255, 201
102, 255, 202
103, 255, 202
106, 255, 203
109, 255, 206
114, 255, 204
125, 255, 202
89, 254, 193
89, 253, 195
89, 254, 193
93, 253, 193
96, 254, 194
94, 254, 194
95, 255, 195
93, 255, 197
93, 255, 197
91, 255, 197
91, 255, 197
93, 254, 198
94, 255, 199
98, 254, 200
101, 254, 201
102, 254, 201
105, 255, 202
107, 254, 204
110, 254, 202
118, 252, 199
92, 255, 194
89, 253, 195
89, 253, 195
94, 254, 194
96, 254, 194
95, 255, 195
95, 255, 195
94, 255, 198
93, 255, 197
93, 255, 197
90, 254, 196
93, 254, 198
95, 254, 198
97, 253, 199
98, 254, 200
100, 253, 200
102, 254, 201
104, 253, 203
108, 253, 201
111, 249, 195
92, 255, 194
92, 254, 196
92, 254, 196
95, 255, 197
97, 254, 197
96, 255, 198
96, 255, 198
96, 255, 199
93, 254, 198
93, 254, 198
92, 253, 197
95, 254, 198
95, 254, 198
97, 253, 199
97, 253, 199
100, 253, 200
101, 253, 200
103, 253, 200
105, 252, 200
113, 255, 202
95, 255, 195
94, 254, 196
94, 254, 196
98, 255, 198
98, 255, 198
96, 255, 198
96, 255, 198
96, 255, 199
95, 254, 198
93, 254, 198
92, 253, 197
96, 255, 199
96, 255, 199
98, 254, 200
98, 254, 200
100, 253, 200
100, 253, 200
101, 253, 200
103, 253, 200
113, 255, 205
95, 255, 197
95, 254, 198
95, 254, 198
98, 254, 199
98, 254, 199
99, 255, 200
99, 255, 200
96, 255, 199
95, 254, 198
95, 253, 199
94, 252, 198
97, 255, 201
97, 255, 201
99, 255, 201
98, 254, 200
98, 254, 200
100, 253, 200
100, 253, 200
101, 253, 200
105, 255, 201
97, 254, 197
95, 254, 198
95, 254, 198
98, 254, 199
99, 255, 200
99, 255, 201
99, 255, 200
96, 254, 200
95, 253, 199
95, 253, 199
94, 252, 198
97, 255, 201
97, 255, 201
99, 255, 201
99, 255, 201
99, 255, 201
99, 255, 201
99, 255, 201
101, 254, 201
99, 253, 198
98, 254, 199
97, 255, 201
97, 255, 201
99, 255, 201
99, 255, 201
99, 254, 203
99, 255, 201
99, 254, 203
99, 255, 201
99, 255, 201
99, 255, 201
100, 255, 202
100, 255, 202
100, 255, 202
100, 255, 202
98, 255, 202
98, 255, 202
98, 255, 202
100, 255, 202
98, 254, 199
98, 254, 199
97, 255, 201
97, 255, 201
99, 254, 203
99, 254, 203
99, 254, 203
99, 254, 203
99, 254, 203
99, 254, 203
99, 255, 201
99, 255, 201
100, 255, 202
100, 255, 202
100, 255, 202
100, 255, 202
98, 255, 202
98, 255, 202
98, 255, 202
98, 255, 201
98, 255, 198
98, 254, 200
97, 254, 203
97, 254, 203
99, 253, 204
99, 253, 204
99, 253, 204
99, 253, 204
101, 254, 203
101, 254, 203
101, 254, 203
101, 254, 203
101, 254, 203
101, 254, 203
99, 255, 201
99, 255, 201
97, 255, 201
95, 255, 201
95, 255, 201
95, 255, 200
97, 255, 197
98, 254, 200
99, 254, 203
97, 254, 203
99, 253, 204
99, 253, 204
99, 253, 204
99, 253, 204
101, 253, 204
101, 254, 203
102, 253, 203
102, 253, 203
101, 254, 203
101, 254, 203
99, 255, 201
97, 255, 201
95, 255, 201
93, 255, 201
93, 255, 201
95, 255, 200
99, 255, 196
98, 253, 202
99, 253, 204
97, 254, 204
99, 253, 206
99, 253, 206
101, 252, 206
101, 253, 204
102, 253, 204
102, 253, 204
102, 253, 204
102, 253, 204
102, 253, 203
101, 254, 203
99, 255, 201
97, 255, 201
95, 255, 201
93, 255, 201
93, 255, 200
95, 255, 199
98, 255, 193
98, 253, 202
99, 253, 204
97, 254, 204
99, 253, 206
99, 253, 206
101, 252, 206
101, 252, 206
102, 253, 204
102, 253, 204
102, 253, 204
102, 253, 204
101, 252, 202
100, 253, 202
100, 253, 200
96, 254, 200
94, 254, 200
92, 255, 200
91, 255, 199
92, 255, 196
99, 255, 191
98, 252, 203
99, 253, 206
97, 253, 206
99, 252, 207
99, 252, 207
101, 252, 206
101, 252, 206
102, 252, 206
102, 252, 206
104, 252, 204
104, 252, 204
101, 252, 202
100, 253, 202
100, 253, 200
96, 254, 200
94, 254, 200
92, 255, 200
91, 255, 199
92, 255, 196
97, 255, 188
100, 252, 203
99, 253, 206
99, 253, 206
99, 252, 207
101, 252, 207
101, 252, 206
101, 252, 206
101, 252, 206
102, 253, 204
102, 253, 204
102, 253, 203
100, 253, 202
100, 253, 200
98, 254, 200
96, 255, 199
96, 255, 199
94, 255, 199
92, 255, 199
96, 255, 195
99, 254, 187
98, 250, 201
103, 254, 205
107, 255, 211
103, 252, 208
102, 253, 208
102, 253, 207
102, 253, 207
102, 254, 205
100, 254, 205
100, 254, 205
100, 255, 204
101, 255, 203
97, 253, 198
93, 249, 194
93, 250, 193
97, 254, 197
99, 255, 197
98, 255, 196
98, 254, 190
110, 255, 189
103, 254, 205
102, 250, 202
101, 249, 201
104, 252, 206
102, 252, 206
101, 252, 206
101, 252, 206
99, 253, 204
100, 254, 205
100, 255, 204
98, 255, 204
97, 255, 201
97, 253, 198
96, 252, 197
99, 254, 197
102, 255, 199
103, 255, 198
104, 255, 197
105, 254, 191
111, 251, 187
107, 255, 207
105, 251, 203
99, 247, 199
103, 251, 205
101, 251, 205
100, 251, 205
100, 252, 203
101, 253, 204
99, 253, 204
100, 255, 204
100, 255, 204
97, 253, 199
100, 254, 199
102, 255, 200
102, 255, 199
104, 255, 199
105, 254, 198
105, 251, 196
106, 249, 192
112, 246, 186
105, 249, 201
107, 251, 203
104, 250, 202
102, 250, 202
100, 251, 202
101, 252, 203
101, 252, 203
102, 253, 204
102, 253, 204
102, 255, 204
102, 255, 204
100, 252, 199
104, 254, 201
107, 254, 202
108, 254, 200
105, 251, 197
103, 247, 194
104, 246, 193
108, 245, 191
119, 243, 189
108, 246, 199
108, 248, 201
106, 248, 201
107, 251, 203
105, 252, 202
105, 252, 202
104, 253, 203
104, 253, 203
104, 253, 203
105, 254, 204
105, 254, 204
105, 252, 202
108, 252, 203
109, 252, 203
110, 251, 200
112, 249, 198
111, 246, 196
110, 245, 195
119, 245, 196
128, 243, 194
124, 253, 208
117, 251, 205
111, 249, 202
112, 253, 204
110, 253, 204
110, 253, 204
110, 253, 204
110, 253, 204
110, 253, 204
110, 253, 204
112, 253, 204
113, 251, 203
115, 251, 203
117, 252, 204
119, 251, 204
122, 249, 204
122, 247, 201
119, 243, 199
124, 241, 196
132, 237, 194
48, 143, 86
71, 175, 112
91, 198, 135
98, 213, 146
110, 229, 160
111, 235, 165
115, 240, 171
114, 241, 172
114, 243, 176
115, 244, 177
110, 240, 175
106, 237, 170
107, 236, 167
105, 232, 163
101, 224, 158
99, 214, 151
91, 197, 138
89, 199, 135
102, 219, 150
111, 235, 165
115, 246, 173
113, 248, 172
112, 252, 175
109, 253, 178
107, 252, 177
105, 252, 178
107, 254, 180
104, 252, 180
103, 249, 177
108, 252, 177
113, 252, 178
113, 247, 175
115, 240, 171
119, 234, 171
114, 245, 172
111, 246, 170
105, 248, 169
102, 252, 169
95, 250, 165
94, 252, 168
92, 252, 168
88, 250, 168
88, 251, 170
89, 253, 175
90, 254, 177
90, 252, 174
93, 253, 171
100, 254, 171
101, 249, 171
103, 245, 170
120, 249, 180
91, 245, 162
92, 252, 164
90, 255, 164
84, 253, 160
78, 252, 158
75, 253, 158
74, 253, 160
73, 254, 163
73, 253, 164
72, 253, 168
72, 252, 169
75, 254, 169
79, 255, 165
85, 255, 164
90, 255, 168
98, 255, 174
105, 255, 179
80, 248, 159
79, 253, 159
78, 255, 159
73, 254, 155
69, 255, 155
68, 255, 155
66, 255, 156
67, 255, 160
66, 255, 163
66, 254, 165
67, 254, 168
69, 255, 166
74, 255, 164
78, 255, 163
80, 255, 166
86, 255, 169
93, 254, 174
76, 247, 155
76, 252, 158
74, 255, 157
69, 253, 153
66, 254, 152
65, 255, 154
65, 254, 155
64, 254, 159
65, 254, 162
65, 253, 164
66, 253, 167
68, 254, 165
73, 255, 166
75, 255, 163
76, 255, 164
80, 253, 167
87, 252, 171
70, 248, 153
73, 254, 156
69, 255, 155
65, 252, 152
64, 255, 152
62, 254, 153
62, 253, 154
63, 254, 157
64, 253, 161
64, 253, 162
65, 253, 164
65, 253, 164
71, 255, 164
71, 254, 163
74, 254, 165
76, 254, 165
81, 254, 170
66, 251, 155
69, 255, 157
66, 255, 155
61, 254, 151
59, 254, 151
59, 254, 152
60, 254, 154
61, 254, 157
61, 253, 158
62, 254, 161
62, 253, 162
65, 254, 163
65, 251, 161
69, 253, 163
71, 255, 165
73, 255, 166
76, 255, 167
66, 255, 156
65, 255, 156
61, 255, 153
56, 254, 150
57, 255, 151
58, 255, 152
58, 254, 154
59, 255, 155
62, 254, 159
62, 254, 159
63, 255, 162
63, 254, 163
62, 250, 161
66, 252, 163
69, 255, 166
70, 255, 166
72, 255, 165
59, 255, 155
58, 255, 153
56, 255, 151
55, 254, 150
57, 255, 152
57, 255, 152
58, 255, 155
58, 255, 155
60, 255, 159
61, 255, 160
63, 255, 162
64, 255, 164
64, 251, 165
65, 251, 167
67, 255, 166
66, 255, 164
64, 254, 159
55, 253, 151
53, 254, 151
53, 254, 150
55, 255, 152
56, 255, 153
56, 255, 154
58, 255, 155
59, 255, 158
61, 255, 160
61, 255, 160
64, 255, 163
64, 255, 164
66, 252, 168
67, 253, 169
66, 253, 167
62, 253, 162
59, 251, 156
54, 255, 152
52, 255, 151
52, 255, 151
52, 255, 151
53, 255, 153
55, 255, 153
57, 255, 154
58, 255, 157
60, 255, 159
62, 254, 159
65, 254, 162
65, 254, 163
70, 254, 170
65, 251, 169
64, 251, 165
65, 254, 163
66, 255, 160
52, 255, 151
52, 255, 151
50, 255, 151
51, 255, 153
53, 255, 153
55, 255, 154
57, 254, 156
59, 254, 157
62, 254, 159
62, 254, 159
65, 254, 162
67, 253, 164
66, 250, 166
69, 250, 169
68, 253, 167
72, 255, 166
72, 255, 163
52, 255, 152
52, 255, 152
53, 255, 153
53, 255, 154
55, 255, 154
55, 254, 156
58, 255, 157
59, 254, 158
62, 254, 161
65, 254, 162
67, 253, 163
67, 253, 164
68, 248, 165
70, 250, 167
74, 253, 168
75, 255, 166
79, 255, 163
54, 255, 152
55, 255, 154
55, 255, 154
55, 254, 156
55, 254, 156
57, 253, 157
59, 254, 158
62, 254, 161
64, 253, 161
65, 254, 163
67, 253, 163
70, 253, 165
72, 251, 166
76, 252, 168
78, 253, 166
77, 251, 163
83, 251, 162
58, 254, 154
57, 254, 156
57, 254, 156
58, 254, 158
58, 254, 158
59, 253, 160
59, 253, 160
62, 253, 162
65, 254, 163
67, 253, 164
70, 253, 165
71, 253, 165
77, 254, 167
81, 254, 168
83, 252, 166
83, 247, 162
90, 249, 163
60, 253, 156
58, 253, 156
59, 254, 158
59, 253, 160
59, 253, 160
59, 252, 161
62, 253, 162
64, 252, 163
67, 253, 164
68, 254, 165
70, 253, 165
73, 253, 165
79, 254, 167
86, 255, 169
88, 252, 167
90, 248, 164
101, 251, 168
62, 253, 156
61, 253, 158
61, 253, 160
61, 253, 160
61, 252, 161
61, 251, 162
64, 252, 163
65, 252, 166
67, 252, 166
70, 252, 167
71, 252, 167
74, 254, 166
79, 253, 165
88, 255, 168
93, 254, 168
96, 250, 167
106, 249, 170
65, 253, 158
63, 253, 158
63, 252, 160
61, 252, 161
63, 251, 162
64, 252, 163
66, 251, 165
70, 251, 166
72, 251, 166
75, 251, 167
77, 251, 167
81, 251, 168
86, 250, 165
94, 255, 169
102, 254, 171
105, 250, 171
113, 244, 171
65, 253, 158
65, 255, 160
64, 253, 161
62, 251, 160
68, 254, 165
70, 253, 165
76, 252, 168
78, 251, 167
84, 249, 168
88, 249, 169
91, 250, 170
96, 250, 171
96, 247, 167
99, 245, 167
106, 243, 169
107, 237, 166
100, 216, 151
70, 251, 160
70, 253, 162
69, 253, 163
68, 251, 163
72, 251, 166
75, 251, 167
80, 250, 168
84, 247, 166
88, 244, 167
95, 245, 169
104, 249, 175
111, 252, 179
110, 247, 173
104, 234, 163
96, 219, 151
88, 202, 139
74, 177, 120
80, 251, 165
78, 251, 165
78, 252, 168
78, 252, 168
81, 251, 169
84, 251, 172
90, 250, 174
95, 248, 173
97, 243, 171
99, 241, 170
104, 242, 171
110, 242, 172
101, 224, 158
87, 203, 138
66, 175, 113
51, 150, 94
38, 127, 77
69, 253, 153
63, 250, 150
55, 253, 149
49, 255, 151
45, 255, 151
47, 255, 152
46, 255, 151
47, 254, 150
46, 251, 148
45, 250, 147
46, 249, 146
47, 250, 147
48, 251, 148
47, 252, 149
47, 252, 149
47, 254, 150
45, 254, 150
61, 253, 152
58, 255, 153
48, 254, 149
43, 255, 152
40, 255, 152
42, 255, 151
44, 255, 150
45, 255, 149
46, 252, 147
47, 251, 146
48, 249, 145
49, 250, 146
49, 250, 146
48, 252, 147
47, 253, 148
46, 253, 148
44, 254, 148
55, 251, 151
53, 255, 153
42, 251, 147
40, 255, 150
38, 255, 150
41, 255, 151
42, 255, 150
45, 255, 149
47, 254, 149
47, 253, 148
46, 252, 147
48, 252, 147
48, 252, 147
49, 252, 149
48, 253, 150
47, 254, 150
47, 254, 150
55, 252, 154
50, 251, 153
52, 255, 156
44, 255, 152
41, 255, 150
42, 253, 149
42, 253, 149
41, 252, 148
41, 252, 148
41, 253, 147
41, 253, 147
45, 254, 150
45, 254, 150
47, 253, 151
49, 253, 154
51, 252, 154
51, 252, 155
52, 251, 153
47, 251, 152
50, 255, 154
46, 254, 152
45, 253, 151
44, 253, 149
42, 253, 149
41, 252, 148
39, 253, 148
40, 254, 148
40, 254, 148
41, 255, 150
45, 254, 150
48, 253, 154
51, 252, 154
53, 251, 157
57, 251, 158
50, 251, 153
42, 250, 150
43, 254, 151
46, 254, 152
45, 254, 150
44, 253, 149
42, 253, 149
42, 254, 148
42, 254, 148
42, 254, 148
42, 254, 148
46, 255, 151
48, 255, 151
51, 252, 154
55, 252, 154
59, 251, 158
61, 250, 158
49, 255, 153
41, 252, 149
41, 254, 151
46, 255, 151
47, 254, 150
47, 254, 150
44, 253, 149
44, 254, 148
42, 254, 148
43, 255, 149
45, 255, 149
48, 255, 151
51, 254, 151
56, 253, 155
59, 252, 155
63, 250, 158
67, 250, 159
46, 255, 154
40, 254, 151
41, 255, 151
45, 254, 150
47, 254, 150
47, 254, 149
44, 254, 148
44, 254, 148
45, 255, 149
46, 255, 150
48, 255, 150
52, 255, 152
56, 254, 152
61, 252, 155
66, 252, 156
69, 250, 159
73, 249, 159
47, 255, 155
41, 255, 151
43, 255, 153
47, 254, 150
48, 253, 150
48, 253, 150
47, 254, 149
47, 254, 149
47, 254, 149
48, 255, 150
52, 255, 152
57, 255, 153
60, 254, 154
66, 252, 156
71, 250, 157
75, 250, 160
79, 249, 161
48, 255, 154
42, 255, 151
44, 255, 153
47, 253, 151
48, 253, 150
48, 253, 150
48, 253, 150
48, 253, 150
49, 254, 151
50, 255, 152
54, 255, 152
58, 254, 154
64, 252, 156
69, 251, 157
75, 250, 160
81, 247, 162
86, 246, 164
52, 253, 155
46, 252, 150
49, 255, 153
50, 251, 153
52, 252, 151
52, 252, 151
50, 252, 151
50, 252, 151
53, 253, 152
54, 254, 153
58, 254, 154
62, 252, 157
67, 251, 157
75, 249, 161
81, 247, 162
88, 245, 164
92, 245, 166
62, 250, 155
60, 252, 157
56, 251, 154
59, 251, 156
60, 252, 157
60, 252, 157
59, 254, 157
59, 254, 157
58, 253, 156
60, 252, 157
63, 251, 156
64, 247, 157
76, 252, 163
84, 250, 167
88, 245, 165
98, 246, 170
106, 247, 174
74, 246, 158
73, 249, 160
68, 249, 158
74, 252, 163
71, 251, 162
70, 251, 160
68, 251, 160
66, 251, 159
66, 251, 159
69, 249, 160
72, 249, 162
75, 245, 162
85, 248, 167
92, 246, 169
95, 240, 166
100, 235, 167
103, 229, 164
64, 255, 161
58, 255, 162
53, 255, 160
46, 253, 155
50, 255, 153
51, 255, 154
51, 255, 153
51, 255, 153
50, 255, 153
50, 255, 153
49, 255, 152
48, 255, 151
48, 255, 151
48, 255, 151
49, 254, 151
51, 254, 151
53, 254, 151
53, 254, 151
54, 252, 150
63, 255, 159
57, 255, 158
52, 255, 157
50, 255, 156
51, 255, 154
51, 255, 153
51, 255, 153
50, 255, 153
50, 255, 153
50, 255, 153
48, 255, 153
48, 255, 153
49, 255, 152
49, 255, 152
49, 254, 151
51, 254, 151
53, 254, 151
54, 252, 150
55, 251, 151
62, 255, 156
59, 255, 156
55, 255, 154
52, 254, 153
51, 255, 153
51, 255, 153
51, 255, 153
50, 255, 153
50, 255, 153
50, 255, 153
50, 255, 153
50, 255, 153
48, 255, 151
49, 254, 151
51, 254, 151
53, 254, 151
55, 253, 152
56, 252, 152
55, 251, 151
64, 255, 155
61, 255, 154
58, 255, 153
54, 255, 152
53, 255, 153
53, 255, 153
53, 255, 153
51, 255, 153
51, 255, 153
51, 255, 153
51, 255, 154
51, 255, 154
49, 254, 152
51, 253, 152
53, 253, 152
55, 253, 152
56, 251, 154
58, 251, 154
61, 252, 155
63, 255, 154
60, 255, 153
58, 255, 153
56, 254, 152
55, 255, 153
53, 255, 153
55, 255, 153
53, 255, 153
53, 255, 153
53, 255, 153
53, 255, 154
53, 255, 154
52, 252, 151
52, 251, 153
55, 252, 154
56, 251, 154
59, 252, 155
61, 252, 155
63, 251, 156
60, 255, 152
57, 255, 151
57, 254, 152
57, 254, 152
57, 255, 154
55, 255, 154
57, 255, 154
55, 255, 154
55, 255, 154
55, 255, 154
55, 254, 156
55, 254, 156
55, 252, 154
56, 251, 155
58, 250, 155
61, 251, 156
63, 251, 156
65, 250, 156
67, 250, 159
56, 255, 151
56, 255, 151
55, 253, 151
55, 253, 151
57, 255, 154
57, 255, 154
58, 254, 154
57, 255, 154
57, 255, 154
57, 255, 154
57, 254, 156
58, 253, 156
57, 252, 156
59, 251, 156
61, 251, 156
63, 250, 158
65, 250, 158
66, 249, 158
69, 250, 159
53, 254, 150
53, 254, 150
51, 254, 151
53, 254, 151
58, 254, 154
58, 254, 154
60, 253, 156
58, 253, 156
58, 253, 156
58, 253, 156
58, 253, 157
60, 252, 157
60, 252, 159
62, 251, 159
64, 251, 159
65, 249, 159
68, 248, 159
70, 248, 159
70, 248, 159
51, 254, 151
49, 254, 151
49, 254, 152
51, 253, 152
57, 255, 154
58, 253, 156
58, 253, 156
58, 253, 156
58, 253, 156
58, 253, 156
60, 252, 157
62, 252, 157
65, 252, 160
66, 251, 159
67, 250, 160
71, 249, 160
72, 248, 159
75, 246, 160
75, 246, 160
53, 254, 157
54, 255, 160
51, 255, 160
47, 250, 153
52, 250, 154
55, 252, 154
56, 253, 155
57, 252, 155
58, 253, 156
61, 254, 157
64, 255, 158
66, 254, 158
68, 252, 158
72, 251, 160
75, 249, 161
80, 250, 162
84, 248, 163
83, 245, 163
81, 241, 159
67, 208, 141
72, 228, 157
77, 245, 169
74, 251, 172
62, 248, 166
61, 249, 167
59, 251, 168
58, 252, 169
54, 253, 169
52, 255, 170
48, 255, 170
44, 254, 170
46, 254, 170
52, 251, 170
55, 250, 170
55, 250, 170
53, 251, 169
50, 252, 169
48, 252, 169
46, 252, 169
46, 253, 168
51, 254, 167
62, 213, 143
62, 230, 154
66, 245, 166
63, 251, 169
54, 249, 163
52, 252, 165
52, 253, 166
51, 254, 167
49, 255, 167
47, 255, 170
43, 255, 170
40, 255, 169
44, 255, 169
53, 251, 169
57, 250, 169
57, 250, 169
53, 251, 169
52, 251, 169
48, 253, 168
45, 254, 168
43, 254, 168
43, 252, 164
71, 219, 147
69, 230, 154
71, 244, 164
69, 251, 167
62, 252, 165
59, 251, 164
59, 252, 165
60, 253, 166
58, 254, 166
57, 254, 168
55, 255, 168
53, 253, 169
53, 253, 169
58, 251, 170
60, 251, 170
60, 251, 170
56, 252, 169
54, 253, 169
49, 254, 169
46, 255, 169
44, 255, 167
40, 252, 163
69, 227, 151
64, 235, 156
65, 245, 162
64, 254, 167
59, 255, 167
56, 252, 164
57, 253, 165
58, 254, 166
58, 254, 166
57, 254, 168
57, 254, 168
53, 253, 169
54, 253, 169
58, 251, 170
58, 252, 169
58, 252, 169
56, 252, 169
54, 253, 169
51, 254, 169
47, 255, 167
44, 255, 167
43, 255, 166
58, 235, 155
51, 241, 159
49, 249, 162
45, 254, 164
43, 255, 163
42, 255, 162
45, 255, 163
47, 255, 166
47, 255, 166
48, 255, 168
47, 255, 168
46, 255, 169
47, 254, 169
51, 254, 169
54, 253, 169
54, 253, 169
54, 254, 167
53, 254, 167
51, 254, 167
47, 255, 167
46, 255, 167
43, 255, 165
54, 242, 160
47, 247, 160
39, 249, 159
34, 252, 158
33, 253, 159
36, 255, 162
39, 255, 163
42, 255, 166
44, 255, 166
45, 255, 168
45, 255, 168
44, 255, 169
44, 255, 169
47, 255, 170
48, 255, 170
50, 255, 168
50, 255, 168
50, 255, 168
50, 255, 168
48, 255, 168
47, 255, 168
44, 254, 164
56, 246, 164
49, 250, 163
41, 251, 161
35, 253, 159
35, 255, 161
38, 255, 162
41, 255, 163
46, 255, 166
47, 255, 166
48, 255, 168
50, 255, 168
49, 254, 169
46, 255, 169
43, 255, 168
43, 255, 168
45, 255, 168
47, 255, 168
47, 255, 168
48, 255, 168
47, 255, 167
47, 255, 167
46, 255, 166
59, 248, 163
52, 252, 164
44, 253, 161
43, 255, 163
45, 255, 166
42, 255, 161
45, 255, 162
49, 255, 164
51, 255, 164
54, 255, 167
54, 255, 167
53, 254, 167
49, 255, 167
45, 255, 168
43, 255, 168
45, 255, 168
47, 255, 168
47, 255, 168
48, 255, 168
47, 255, 167
47, 255, 167
52, 255, 171
66, 248, 163
60, 254, 164
54, 255, 163
50, 255, 162
47, 255, 160
51, 255, 162
53, 255, 162
54, 255, 163
56, 255, 163
56, 255, 164
56, 255, 164
54, 255, 164
53, 255, 166
48, 253, 168
46, 253, 168
49, 254, 169
49, 254, 169
49, 255, 167
49, 255, 167
48, 255, 167
48, 255, 167
45, 253, 165
64, 249, 163
60, 254, 164
53, 255, 163
50, 255, 162
47, 255, 160
51, 255, 162
51, 255, 162
54, 255, 163
54, 255, 163
54, 255, 164
53, 255, 164
51, 255, 164
51, 255, 166
50, 253, 168
50, 253, 168
53, 253, 169
53, 254, 167
51, 254, 167
51, 254, 167
50, 255, 167
50, 255, 167
47, 253, 165
57, 249, 166
53, 254, 167
47, 255, 166
43, 255, 165
40, 255, 162
44, 255, 164
44, 255, 163
47, 255, 164
47, 255, 164
46, 255, 166
46, 255, 166
44, 255, 166
46, 255, 167
46, 254, 166
48, 254, 166
51, 254, 167
51, 255, 166
53, 255, 166
53, 255, 166
52, 255, 167
54, 255, 167
55, 255, 169
55, 248, 167
51, 254, 169
46, 255, 167
41, 255, 166
38, 255, 164
39, 255, 165
41, 255, 165
43, 255, 165
43, 255, 166
41, 255, 166
41, 254, 168
39, 255, 168
41, 255, 166
45, 254, 166
48, 254, 165
51, 255, 166
51, 255, 164
53, 255, 166
54, 254, 166
55, 255, 167
57, 255, 167
60, 255, 169
58, 247, 168
54, 251, 171
47, 253, 170
43, 254, 168
40, 254, 165
41, 255, 166
41, 255, 166
43, 255, 166
43, 254, 168
41, 254, 168
39, 254, 169
37, 254, 169
39, 255, 168
43, 255, 165
46, 255, 163
49, 255, 164
53, 255, 163
54, 255, 164
56, 255, 164
59, 255, 165
62, 254, 167
61, 250, 165
64, 245, 170
58, 251, 171
53, 252, 170
46, 253, 168
44, 253, 167
45, 254, 168
45, 254, 168
46, 253, 168
45, 254, 168
45, 253, 169
43, 253, 169
39, 253, 170
39, 255, 168
41, 255, 163
45, 255, 162
49, 255, 163
53, 255, 163
56, 255, 163
58, 255, 163
62, 255, 165
66, 253, 167
67, 247, 164
71, 244, 170
65, 249, 171
60, 251, 170
53, 252, 168
51, 251, 167
51, 252, 165
51, 252, 165
51, 251, 167
51, 251, 167
49, 251, 168
47, 251, 168
45, 251, 168
44, 253, 167
43, 255, 163
43, 255, 162
49, 255, 163
53, 255, 163
56, 255, 164
61, 254, 164
66, 253, 167
71, 252, 167
75, 248, 168
76, 244, 168
70, 249, 170
63, 250, 170
59, 251, 168
54, 250, 167
54, 251, 165
54, 251, 165
54, 250, 167
54, 250, 167
52, 250, 168
51, 250, 168
49, 251, 168
45, 252, 167
45, 255, 165
46, 255, 163
51, 255, 164
56, 255, 164
60, 253, 166
65, 252, 166
71, 251, 168
77, 250, 170
77, 243, 166
72, 240, 164
66, 245, 166
64, 251, 171
61, 253, 170
57, 252, 166
57, 252, 166
57, 252, 166
57, 252, 166
55, 252, 166
54, 253, 169
53, 253, 169
52, 254, 171
50, 255, 170
48, 254, 166
54, 255, 169
60, 255, 170
63, 255, 168
67, 251, 167
73, 250, 170
78, 249, 171
82, 245, 170
89, 245, 174
75, 240, 167
69, 245, 168
65, 250, 170
62, 252, 170
57, 251, 168
59, 251, 168
60, 252, 169
61, 253, 170
60, 254, 171
59, 255, 173
57, 255, 173
57, 254, 174
57, 255, 173
55, 251, 169
63, 255, 172
70, 255, 175
76, 255, 176
84, 255, 178
89, 254, 179
88, 246, 175
87, 238, 169
82, 223, 160
76, 239, 171
74, 246, 174
70, 251, 176
67, 254, 175
63, 253, 174
62, 252, 171
63, 253, 172
65, 254, 175
66, 255, 176
65, 255, 178
63, 255, 178
63, 255, 178
65, 255, 178
72, 251, 176
78, 251, 177
84, 250, 179
93, 252, 182
101, 254, 185
102, 248, 183
92, 232, 169
83, 215, 155
59, 186, 131
83, 254, 180
78, 255, 181
73, 252, 177
63, 244, 169
63, 244, 169
64, 250, 174
61, 249, 173
55, 245, 168
58, 252, 175
56, 253, 175
55, 253, 175
52, 252, 174
50, 253, 174
48, 253, 174
48, 253, 174
49, 252, 171
79, 255, 180
72, 255, 180
64, 250, 174
58, 244, 168
58, 246, 170
62, 252, 175
60, 252, 175
54, 248, 171
56, 253, 175
55, 253, 175
52, 252, 174
50, 253, 174
48, 253, 174
48, 253, 174
47, 253, 174
48, 254, 172
63, 252, 173
61, 254, 174
59, 252, 172
54, 249, 169
53, 248, 168
54, 251, 171
56, 253, 173
55, 254, 173
53, 254, 173
51, 254, 173
51, 254, 173
49, 255, 173
49, 255, 173
48, 255, 173
48, 255, 173
49, 255, 172
53, 250, 170
52, 253, 172
56, 255, 174
52, 253, 172
49, 250, 169
48, 249, 168
48, 251, 170
49, 252, 171
49, 255, 173
49, 255, 173
49, 255, 173
48, 255, 173
48, 255, 173
49, 255, 174
49, 255, 174
49, 255, 173
48, 254, 172
47, 254, 172
49, 255, 173
48, 255, 173
46, 253, 171
44, 251, 169
44, 251, 169
45, 252, 170
46, 253, 171
46, 253, 171
47, 254, 172
45, 254, 172
45, 254, 172
46, 255, 173
46, 255, 173
48, 255, 172
47, 255, 173
42, 254, 171
41, 253, 170
43, 255, 172
44, 255, 173
43, 255, 172
42, 254, 171
44, 253, 171
43, 252, 170
43, 252, 170
43, 252, 170
44, 253, 171
44, 253, 171
45, 254, 172
45, 254, 172
45, 255, 171
40, 255, 170
40, 255, 170
40, 255, 170
40, 255, 170
40, 255, 170
40, 255, 170
40, 255, 170
42, 255, 170
41, 254, 169
41, 254, 169
44, 254, 170
44, 254, 170
44, 254, 170
44, 254, 170
45, 255, 171
45, 255, 171
38, 255, 170
38, 255, 170
38, 255, 170
38, 255, 170
38, 255, 170
38, 255, 170
40, 255, 170
40, 255, 170
41, 254, 169
41, 254, 169
44, 254, 170
44, 254, 170
44, 254, 170
44, 254, 170
45, 255, 171
47, 255, 171
38, 255, 170
38, 255, 170
38, 255, 170
38, 255, 170
40, 255, 170
40, 255, 170
40, 255, 170
40, 255, 170
41, 254, 169
41, 254, 169
44, 254, 170
44, 254, 170
46, 254, 170
46, 254, 170
47, 255, 171
47, 255, 171
38, 255, 170
38, 255, 170
40, 255, 170
40, 255, 170
40, 255, 170
40, 255, 170
42, 255, 170
42, 255, 170
41, 254, 169
43, 253, 169
44, 254, 170
44, 254, 170
46, 254, 170
46, 254, 170
47, 255, 171
48, 254, 171
40, 255, 169
40, 255, 169
42, 255, 169
42, 255, 169
42, 255, 169
42, 255, 169
44, 255, 169
44, 255, 169
43, 254, 168
45, 254, 168
46, 255, 169
46, 255, 169
47, 254, 169
47, 254, 169
48, 255, 170
50, 254, 171
44, 255, 169
42, 255, 169
44, 255, 169
44, 255, 169
44, 255, 169
44, 255, 169
44, 255, 169
46, 255, 169
45, 254, 168
45, 254, 168
46, 255, 169
46, 255, 169
47, 254, 169
47, 254, 169
48, 255, 170
52, 254, 171
46, 255, 169
44, 255, 169
46, 255, 169
46, 255, 169
46, 255, 169
46, 255, 169
46, 255, 169
47, 254, 169
46, 253, 168
46, 253, 168
47, 254, 169
47, 254, 169
47, 254, 169
47, 254, 169
48, 255, 170
52, 254, 171
47, 254, 169
46, 255, 169
46, 255, 169
46, 255, 169
46, 255, 169
46, 255, 169
46, 255, 169
46, 255, 169
46, 253, 168
46, 253, 168
49, 254, 169
49, 254, 169
51, 253, 170
51, 254, 169
54, 253, 171
57, 253, 171
47, 254, 169
47, 254, 169
46, 255, 169
46, 255, 169
43, 253, 169
43, 253, 169
43, 253, 169
43, 253, 169
47, 255, 171
45, 251, 168
49, 251, 168
54, 253, 171
58, 253, 173
59, 250, 169
58, 247, 168
68, 248, 170
56, 252, 170
57, 255, 177
51, 255, 174
39, 251, 162
51, 254, 173
52, 252, 174
49, 252, 173
49, 252, 171
48, 254, 172
49, 255, 173
50, 255, 173
50, 255, 173
48, 254, 171
48, 254, 172
51, 254, 173
55, 254, 173
57, 254, 176
60, 254, 177
62, 253, 178
61, 255, 178
56, 250, 173
54, 254, 176
50, 255, 177
45, 254, 172
48, 255, 173
48, 255, 173
48, 255, 173
48, 255, 173
48, 255, 173
49, 255, 173
49, 255, 173
51, 254, 173
51, 254, 173
51, 254, 175
53, 253, 175
53, 253, 175
56, 253, 177
56, 253, 177
56, 253, 177
56, 254, 176
55, 251, 175
54, 254, 177
50, 254, 179
46, 252, 174
46, 255, 173
46, 255, 172
48, 255, 172
48, 255, 172
49, 255, 173
49, 255, 173
51, 254, 173
53, 254, 173
53, 253, 175
53, 253, 175
53, 253, 175
53, 253, 175
56, 253, 177
54, 254, 177
56, 253, 177
56, 253, 177
54, 252, 174
51, 254, 175
49, 253, 176
46, 252, 173
49, 255, 173
49, 255, 172
49, 255, 172
49, 255, 172
51, 254, 173
53, 254, 173
53, 254, 173
55, 254, 173
55, 253, 175
55, 253, 175
55, 253, 175
55, 253, 175
57, 253, 177
56, 253, 177
57, 253, 177
57, 253, 177
53, 253, 175
48, 253, 174
48, 252, 175
47, 252, 173
51, 254, 173
51, 255, 172
53, 255, 172
53, 255, 172
53, 254, 173
53, 254, 173
55, 254, 173
55, 254, 173
55, 253, 175
55, 253, 175
56, 253, 175
56, 253, 175
57, 253, 177
57, 253, 177
57, 253, 177
59, 253, 176
50, 255, 174
48, 254, 172
47, 252, 173
47, 252, 173
53, 254, 173
53, 255, 172
55, 254, 172
55, 254, 172
55, 254, 173
55, 254, 173
56, 253, 173
56, 253, 173
56, 253, 175
56, 253, 175
56, 253, 175
56, 253, 175
59, 253, 177
59, 253, 177
59, 253, 177
59, 253, 176
50, 255, 175
48, 255, 173
47, 252, 173
50, 253, 172
53, 255, 172
55, 254, 172
55, 254, 172
55, 254, 172
55, 254, 173
55, 254, 173
55, 254, 173
55, 254, 173
55, 253, 175
55, 253, 175
55, 253, 175
56, 253, 175
57, 253, 177
59, 253, 177
59, 253, 177
61, 253, 176
48, 255, 174
48, 255, 172
48, 254, 172
52, 255, 174
53, 255, 172
53, 255, 172
53, 255, 172
53, 255, 172
53, 254, 173
53, 254, 173
53, 254, 173
53, 254, 173
53, 253, 175
53, 253, 175
53, 253, 175
55, 253, 175
56, 253, 177
57, 253, 177
57, 253, 177
61, 253, 176
49, 255, 175
48, 255, 172
50, 253, 172
53, 255, 175
51, 255, 172
51, 255, 172
51, 255, 172
51, 255, 172
49, 255, 173
49, 255, 173
49, 255, 173
49, 255, 173
49, 254, 175
51, 254, 175
51, 254, 175
53, 253, 175
56, 253, 177
56, 253, 177
57, 253, 177
63, 253, 176
47, 255, 171
47, 253, 170
52, 253, 172
53, 254, 173
48, 254, 171
48, 254, 171
47, 255, 171
47, 255, 171
45, 254, 172
45, 254, 172
45, 254, 172
45, 254, 172
46, 252, 173
47, 253, 174
50, 255, 176
54, 255, 178
55, 255, 178
55, 252, 176
57, 253, 177
67, 255, 179
52, 255, 173
54, 255, 173
56, 255, 174
54, 255, 174
49, 255, 172
48, 255, 172
46, 255, 172
46, 255, 172
44, 255, 173
44, 255, 173
44, 255, 173
44, 255, 173
48, 255, 177
48, 254, 175
49, 254, 175
53, 253, 175
55, 252, 176
55, 249, 173
53, 247, 171
61, 244, 170
58, 255, 176
58, 255, 176
56, 253, 175
52, 251, 170
50, 255, 173
49, 255, 173
47, 255, 173
47, 255, 173
45, 255, 174
45, 255, 174
45, 255, 174
47, 255, 174
48, 254, 175
48, 253, 174
51, 251, 173
55, 252, 174
61, 252, 177
65, 254, 179
64, 252, 177
70, 247, 174
60, 253, 173
60, 255, 175
60, 252, 175
52, 249, 171
52, 255, 174
50, 255, 173
49, 255, 173
49, 255, 173
47, 255, 174
47, 255, 174
47, 255, 174
49, 255, 174
50, 253, 174
54, 252, 174
56, 250, 173
60, 250, 173
65, 250, 176
73, 254, 180
76, 254, 181
85, 251, 180
61, 247, 171
63, 251, 175
63, 252, 177
59, 251, 174
55, 254, 173
53, 255, 172
51, 255, 172
51, 255, 172
51, 254, 173
51, 254, 173
51, 254, 173
53, 254, 173
56, 253, 175
63, 255, 178
67, 253, 177
67, 248, 173
71, 246, 173
79, 249, 177
82, 250, 179
91, 246, 177
65, 246, 171
66, 250, 174
65, 250, 176
61, 251, 174
58, 253, 173
56, 254, 172
56, 254, 172
55, 254, 172
55, 254, 173
55, 254, 173
56, 253, 173
58, 253, 173
59, 249, 172
68, 254, 178
75, 254, 179
78, 251, 177
84, 250, 179
92, 253, 183
93, 251, 181
97, 241, 176
90, 192, 164
102, 205, 178
108, 211, 184
113, 216, 189
117, 222, 195
123, 226, 199
123, 229, 200
124, 231, 199
121, 231, 197
119, 229, 195
115, 224, 192
108, 215, 183
96, 199, 171
80, 183, 152
75, 172, 140
64, 158, 124
60, 147, 111
46, 128, 86
32, 107, 61
117, 230, 202
122, 237, 210
122, 239, 212
126, 243, 216
130, 249, 221
134, 251, 224
133, 252, 223
136, 255, 223
133, 255, 221
133, 255, 222
132, 252, 221
127, 245, 216
121, 237, 208
115, 226, 198
112, 220, 191
108, 208, 178
103, 198, 164
89, 176, 138
67, 147, 104
121, 250, 219
120, 250, 219
117, 250, 218
119, 251, 221
123, 255, 225
127, 255, 227
123, 255, 224
120, 254, 218
120, 255, 219
121, 255, 221
121, 255, 223
122, 255, 223
123, 251, 222
124, 250, 221
129, 248, 219
134, 248, 218
135, 242, 210
126, 226, 191
108, 198, 162
106, 251, 212
104, 252, 212
104, 252, 212
105, 252, 214
107, 252, 214
109, 251, 214
109, 251, 214
108, 255, 216
108, 255, 216
107, 255, 217
107, 255, 219
108, 254, 220
110, 253, 220
112, 252, 221
115, 252, 221
124, 254, 223
126, 250, 220
129, 246, 215
133, 242, 210
96, 253, 209
94, 253, 209
95, 254, 210
99, 253, 212
99, 253, 212
104, 253, 213
102, 253, 213
102, 255, 215
102, 255, 215
100, 255, 216
100, 255, 216
100, 254, 219
102, 254, 219
104, 253, 220
107, 252, 220
112, 252, 221
116, 250, 220
125, 252, 221
135, 254, 223
90, 253, 208
90, 253, 208
91, 254, 209
94, 252, 211
94, 252, 211
98, 252, 211
99, 253, 212
99, 255, 214
99, 255, 214
99, 254, 215
99, 254, 215
99, 253, 218
99, 253, 218
101, 252, 219
105, 251, 219
111, 254, 222
116, 253, 222
124, 254, 223
134, 255, 225
85, 253, 207
85, 253, 207
86, 254, 208
90, 252, 210
90, 252, 210
94, 252, 211
94, 252, 211
98, 254, 213
98, 254, 213
98, 253, 214
96, 254, 214
96, 252, 217
96, 252, 217
98, 251, 218
100, 251, 218
106, 252, 220
112, 252, 221
118, 253, 221
123, 253, 220
80, 254, 207
82, 253, 207
82, 253, 207
86, 253, 210
86, 253, 210
90, 252, 210
92, 252, 210
95, 253, 212
95, 253, 212
95, 253, 213
94, 253, 213
94, 252, 216
94, 252, 216
95, 251, 217
97, 250, 217
96, 247, 214
103, 249, 217
110, 251, 218
114, 252, 218
78, 254, 207
80, 254, 207
83, 254, 208
85, 253, 210
86, 253, 210
88, 253, 210
91, 253, 211
94, 254, 212
94, 254, 212
94, 253, 213
94, 253, 213
94, 252, 216
92, 252, 216
94, 251, 217
94, 251, 217
92, 248, 214
99, 250, 217
106, 253, 219
110, 254, 219
79, 255, 208
81, 255, 208
83, 254, 208
85, 253, 210
87, 254, 211
89, 254, 211
91, 253, 211
94, 254, 212
94, 254, 212
94, 253, 213
92, 253, 213
92, 252, 216
90, 252, 216
92, 251, 217
92, 251, 217
96, 253, 219
98, 254, 220
101, 255, 220
104, 254, 218
81, 255, 208
83, 254, 208
86, 255, 209
87, 254, 211
89, 254, 211
91, 253, 211
94, 254, 212
95, 255, 213
95, 255, 213
93, 254, 214
93, 254, 214
91, 253, 217
91, 253, 217
91, 253, 218
91, 253, 218
93, 252, 218
94, 253, 219
96, 254, 218
97, 254, 217
86, 255, 209
87, 255, 209
89, 254, 209
92, 254, 212
94, 254, 212
95, 253, 212
95, 253, 212
94, 254, 212
92, 254, 212
92, 253, 213
92, 253, 213
90, 252, 216
90, 252, 216
88, 252, 217
88, 252, 217
88, 250, 215
88, 250, 215
91, 251, 215
91, 252, 214
89, 254, 209
91, 254, 209
93, 254, 209
95, 253, 212
97, 253, 212
97, 253, 212
97, 253, 212
94, 254, 212
92, 254, 212
92, 253, 213
92, 253, 213
90, 252, 216
90, 252, 216
90, 252, 217
88, 252, 217
88, 250, 215
89, 251, 216
89, 251, 215
89, 252, 214
93, 254, 209
94, 253, 209
96, 253, 209
97, 253, 212
99, 253, 212
99, 253, 212
97, 253, 212
94, 254, 212
92, 254, 212
92, 253, 213
92, 253, 213
92, 252, 216
90, 252, 216
90, 252, 217
90, 252, 217
89, 251, 216
89, 251, 216
89, 251, 215
89, 252, 214
94, 253, 209
94, 253, 209
96, 253, 209
97, 253, 212
99, 253, 212
99, 253, 212
97, 253, 212
94, 254, 212
92, 254, 212
92, 253, 213
92, 253, 213
92, 252, 216
92, 252, 216
92, 251, 217
90, 252, 217
91, 250, 216
89, 251, 216
91, 251, 215
89, 252, 214
93, 254, 209
93, 254, 209
94, 253, 209
95, 253, 212
97, 253, 212
97, 253, 212
95, 253, 212
94, 254, 212
92, 254, 212
94, 253, 213
94, 253, 213
94, 252, 216
94, 252, 216
94, 251, 217
92, 251, 217
94, 251, 217
92, 251, 217
94, 252, 216
92, 253, 215
91, 254, 209
93, 254, 209
93, 254, 209
94, 254, 212
94, 254, 212
94, 254, 212
94, 254, 212
94, 254, 212
92, 254, 212
94, 253, 213
94, 253, 213
94, 252, 216
94, 252, 216
94, 251, 217
94, 251, 217
95, 251, 217
94, 251, 217
94, 252, 216
94, 252, 215
89, 254, 209
91, 254, 209
91, 254, 209
92, 254, 212
92, 254, 212
92, 254, 212
92, 254, 212
94, 254, 212
94, 254, 212
94, 253, 213
94, 253, 213
95, 251, 216
95, 251, 216
95, 251, 217
95, 251, 217
98, 251, 218
95, 251, 217
95, 251, 216
95, 252, 215
87, 255, 209
87, 255, 209
87, 255, 209
90, 255, 212
90, 255, 212
90, 255, 212
92, 254, 212
94, 254, 212
95, 253, 212
95, 253, 213
95, 253, 213
97, 252, 215
97, 252, 215
99, 251, 216
99, 251, 216
100, 252, 217
98, 252, 217
97, 252, 215
97, 252, 215
85, 255, 210
87, 255, 212
87, 255, 212
88, 254, 213
90, 254, 213
90, 254, 213
94, 253, 213
95, 253, 212
97, 253, 212
99, 253, 212
99, 253, 212
99, 252, 213
99, 252, 213
101, 252, 213
101, 252, 213
101, 252, 213
101, 252, 213
100, 251, 212
98, 251, 212
85, 255, 210
85, 255, 212
87, 255, 212
88, 254, 213
90, 254, 213
92, 253, 213
92, 253, 213
94, 254, 212
95, 253, 212
95, 253, 212
97, 253, 212
97, 253, 212
97, 253, 212
97, 253, 212
97, 253, 212
98, 252, 211
96, 252, 211
96, 252, 211
96, 252, 211
87, 255, 210
87, 255, 212
88, 255, 212
88, 255, 212
90, 255, 212
92, 253, 213
90, 254, 213
88, 254, 213
87, 254, 213
87, 254, 213
88, 254, 213
88, 254, 213
88, 254, 213
88, 254, 213
88, 254, 213
89, 253, 212
87, 253, 212
87, 253, 212
87, 253, 212
90, 255, 210
88, 255, 212
88, 255, 212
90, 255, 212
90, 255, 212
92, 253, 213
90, 254, 213
85, 255, 213
83, 255, 213
83, 254, 215
83, 255, 213
85, 254, 215
85, 255, 213
85, 254, 215
85, 255, 213
83, 252, 213
83, 253, 211
84, 253, 214
84, 254, 212
92, 254, 212
90, 255, 212
90, 255, 212
90, 255, 212
90, 255, 212
90, 254, 213
88, 254, 213
87, 254, 215
85, 254, 215
85, 253, 216
85, 254, 215
85, 253, 216
85, 254, 215
85, 253, 216
85, 254, 215
84, 252, 215
84, 253, 214
84, 252, 215
84, 253, 214
95, 253, 212
92, 254, 212
90, 255, 212
90, 255, 212
90, 255, 212
90, 254, 213
88, 254, 213
90, 252, 216
88, 253, 216
88, 253, 216
88, 253, 216
88, 253, 216
88, 253, 216
88, 253, 216
88, 253, 216
88, 253, 216
88, 253, 216
88, 253, 216
88, 253, 216
97, 253, 212
94, 254, 212
90, 255, 212
90, 255, 212
88, 255, 212
88, 255, 212
90, 254, 213
95, 251, 216
97, 250, 217
97, 250, 217
97, 250, 217
95, 251, 217
95, 251, 217
94, 251, 217
94, 251, 217
95, 252, 218
95, 252, 218
96, 252, 218
95, 251, 217
101, 252, 212
95, 253, 212
92, 254, 212
90, 255, 212
88, 255, 212
88, 255, 212
90, 254, 213
99, 251, 216
103, 249, 217
101, 250, 217
101, 250, 217
99, 250, 217
99, 250, 217
97, 250, 217
97, 250, 217
99, 252, 219
98, 251, 218
100, 251, 218
100, 251, 218
89, 254, 211
89, 254, 211
88, 253, 210
90, 252, 210
88, 253, 210
87, 254, 211
87, 254, 211
88, 255, 212
89, 255, 213
87, 254, 211
87, 254, 211
87, 254, 211
88, 255, 212
90, 255, 212
91, 255, 213
93, 255, 213
91, 255, 213
94, 255, 212
98, 255, 214
103, 255, 211
106, 251, 207
80, 248, 205
87, 253, 212
87, 253, 212
89, 253, 212
86, 252, 211
87, 253, 212
87, 254, 213
87, 254, 213
88, 255, 214
86, 253, 212
86, 253, 212
86, 253, 212
88, 254, 213
89, 255, 214
89, 255, 214
92, 255, 215
90, 255, 214
85, 254, 208
87, 255, 208
94, 255, 209
101, 254, 209
86, 254, 211
88, 254, 213
88, 254, 213
89, 253, 212
87, 253, 212
87, 253, 212
87, 253, 212
88, 254, 213
88, 254, 213
89, 255, 214
89, 255, 214
89, 255, 214
88, 254, 213
88, 254, 213
88, 254, 213
90, 254, 213
88, 255, 212
88, 255, 213
89, 255, 211
93, 255, 212
102, 255, 214
84, 250, 209
89, 253, 212
89, 253, 212
91, 252, 212
91, 252, 212
92, 253, 213
92, 253, 213
92, 253, 213
92, 253, 213
92, 253, 213
92, 253, 213
92, 253, 213
92, 253, 213
92, 253, 213
90, 254, 213
92, 253, 213
90, 255, 212
87, 255, 210
87, 255, 209
90, 255, 209
95, 255, 209
86, 250, 209
91, 252, 212
91, 252, 212
91, 252, 212
93, 252, 212
94, 253, 213
95, 253, 213
95, 253, 213
95, 253, 213
95, 253, 213
95, 253, 213
95, 253, 213
94, 253, 213
94, 253, 213
92, 253, 213
92, 253, 213
90, 254, 213
88, 255, 210
88, 255, 209
92, 255, 209
94, 255, 209
88, 249, 209
93, 251, 214
93, 251, 214
93, 251, 214
94, 251, 214
95, 252, 215
97, 252, 215
97, 252, 215
97, 252, 215
97, 252, 215
97, 252, 215
97, 252, 215
95, 252, 215
95, 252, 215
94, 252, 215
94, 252, 215
92, 253, 213
90, 255, 212
92, 255, 210
94, 255, 210
95, 255, 209
91, 250, 210
93, 251, 214
93, 251, 214
94, 251, 214
94, 251, 214
97, 252, 215
97, 252, 215
99, 251, 215
99, 251, 215
99, 251, 215
99, 251, 215
97, 252, 215
97, 252, 215
95, 252, 215
94, 252, 215
94, 252, 215
94, 252, 215
94, 253, 213
94, 254, 212
95, 253, 212
95, 254, 210
89, 250, 210
91, 252, 214
91, 252, 214
93, 251, 214
94, 251, 214
97, 252, 215
97, 252, 215
99, 251, 215
99, 251, 215
99, 251, 215
99, 251, 215
97, 252, 215
97, 252, 215
95, 252, 215
94, 252, 215
94, 252, 215
94, 252, 215
94, 252, 212
94, 252, 211
94, 252, 211
94, 253, 209
89, 250, 210
89, 252, 214
91, 252, 214
91, 252, 214
93, 251, 214
95, 252, 215
97, 252, 215
97, 252, 215
97, 252, 215
99, 251, 215
97, 252, 215
97, 252, 215
95, 252, 215
94, 252, 215
92, 253, 215
92, 253, 215
92, 253, 215
94, 252, 212
96, 251, 212
94, 252, 212
93, 253, 211
87, 251, 210
87, 252, 214
87, 252, 214
89, 252, 214
91, 252, 214
94, 252, 215
95, 252, 215
95, 252, 215
95, 252, 215
97, 252, 215
95, 252, 215
95, 252, 215
94, 252, 215
92, 253, 215
90, 253, 215
88, 253, 215
90, 253, 215
94, 251, 214
96, 251, 212
94, 252, 212
91, 253, 211
89, 250, 210
89, 252, 214
89, 252, 214
91, 252, 214
91, 252, 214
94, 252, 215
94, 252, 215
95, 252, 215
95, 252, 215
95, 252, 215
95, 252, 215
94, 252, 215
94, 252, 215
92, 253, 215
90, 253, 215
88, 253, 215
90, 253, 215
94, 251, 214
96, 251, 214
94, 251, 214
93, 252, 212
97, 250, 211
95, 252, 215
95, 251, 216
95, 251, 216
95, 251, 216
95, 251, 216
95, 251, 216
95, 251, 216
95, 251, 216
94, 252, 216
94, 252, 216
94, 252, 216
94, 252, 216
91, 251, 215
91, 251, 215
89, 251, 215
91, 251, 215
97, 251, 216
97, 251, 216
97, 251, 216
95, 252, 215
99, 250, 211
99, 251, 215
97, 251, 216
97, 251, 216
97, 251, 216
95, 251, 216
95, 251, 216
95, 251, 216
95, 251, 216
94, 252, 216
94, 252, 216
94, 252, 216
94, 252, 216
91, 251, 215
91, 251, 215
91, 251, 215
93, 251, 215
97, 250, 217
97, 250, 217
97, 251, 216
95, 251, 216
97, 250, 211
97, 252, 215
97, 251, 216
97, 251, 216
97, 251, 216
95, 251, 216
95, 251, 216
95, 251, 216
95, 251, 216
94, 252, 216
94, 252, 216
94, 252, 216
94, 252, 216
91, 251, 215
91, 251, 215
91, 251, 215
93, 251, 215
95, 251, 217
95, 251, 217
95, 251, 216
95, 251, 216
95, 250, 211
97, 252, 215
97, 251, 216
97, 251, 216
97, 251, 216
95, 251, 216
95, 251, 216
95, 251, 216
95, 251, 216
94, 252, 216
94, 252, 216
94, 252, 216
94, 252, 216
91, 251, 215
91, 251, 215
91, 251, 215
91, 251, 215
94, 251, 217
94, 252, 216
94, 252, 216
94, 252, 215
91, 250, 210
95, 252, 215
97, 251, 216
97, 251, 216
97, 251, 216
95, 251, 216
95, 251, 216
95, 251, 216
95, 251, 216
94, 252, 216
94, 252, 216
94, 252, 216
94, 252, 216
91, 251, 215
91, 251, 215
91, 251, 215
91, 251, 215
92, 252, 216
92, 252, 216
92, 252, 216
90, 253, 215
89, 250, 210
95, 252, 215
97, 251, 216
97, 251, 216
97, 251, 216
95, 251, 216
95, 251, 216
95, 251, 216
95, 251, 216
94, 252, 216
94, 252, 216
94, 252, 216
94, 252, 216
91, 251, 215
91, 251, 215
91, 251, 215
91, 251, 215
90, 252, 216
90, 252, 216
90, 253, 215
90, 253, 215
87, 251, 210
95, 252, 215
97, 251, 216
97, 251, 216
97, 251, 216
95, 251, 216
95, 251, 216
95, 251, 216
95, 251, 216
94, 252, 216
94, 252, 216
94, 252, 216
94, 252, 216
91, 251, 215
91, 251, 215
91, 251, 215
89, 251, 215
88, 253, 216
88, 253, 216
88, 253, 215
88, 253, 215
87, 251, 210
95, 252, 215
97, 251, 216
97, 251, 216
97, 251, 216
95, 251, 216
95, 251, 216
95, 251, 216
95, 251, 216
94, 252, 216
94, 252, 216
94, 252, 216
94, 252, 216
91, 251, 215
91, 251, 215
91, 251, 215
89, 251, 215
88, 253, 216
87, 254, 215
88, 253, 215
88, 254, 213
95, 255, 216
93, 250, 213
95, 249, 214
96, 250, 215
97, 251, 216
95, 251, 216
95, 251, 216
95, 251, 216
95, 251, 216
95, 253, 217
95, 253, 217
94, 252, 216
94, 252, 216
91, 251, 215
91, 251, 215
90, 250, 214
88, 250, 214
85, 252, 213
85, 252, 213
87, 252, 214
87, 253, 212
91, 250, 210
93, 250, 213
96, 250, 215
97, 251, 216
97, 251, 216
95, 251, 216
95, 251, 216
95, 251, 216
94, 250, 215
95, 253, 217
95, 253, 217
94, 252, 216
94, 252, 216
91, 251, 215
91, 251, 215
91, 251, 215
89, 251, 215
86, 253, 214
86, 253, 212
87, 253, 212
89, 253, 212
95, 251, 210
97, 252, 215
97, 251, 216
97, 251, 216
98, 252, 217
95, 251, 216
95, 251, 216
94, 250, 215
94, 250, 215
95, 253, 217
94, 252, 216
94, 252, 216
94, 252, 216
92, 252, 216
91, 251, 215
91, 251, 215
89, 251, 215
87, 252, 214
86, 253, 212
89, 253, 212
92, 254, 212
114, 255, 223
100, 252, 216
98, 252, 217
98, 252, 217
98, 252, 217
96, 252, 217
95, 251, 216
94, 250, 215
93, 249, 214
94, 252, 216
94, 252, 216
94, 252, 216
94, 252, 216
92, 252, 216
92, 252, 216
92, 252, 216
90, 253, 215
88, 254, 213
88, 254, 213
92, 254, 212
95, 253, 212
104, 255, 207
95, 253, 206
92, 254, 206
92, 254, 206
90, 254, 206
88, 255, 206
86, 255, 206
86, 255, 206
85, 255, 206
85, 255, 206
83, 255, 206
83, 255, 206
83, 255, 206
84, 254, 205
84, 254, 205
85, 254, 205
87, 254, 205
86, 250, 202
90, 251, 203
98, 252, 203
105, 251, 203
113, 251, 204
121, 250, 205
97, 255, 206
91, 253, 205
89, 253, 205
89, 253, 205
87, 254, 205
85, 254, 205
84, 254, 205
84, 254, 205
82, 255, 205
83, 255, 206
83, 255, 206
83, 255, 206
82, 255, 205
84, 254, 205
84, 254, 205
84, 253, 204
84, 253, 204
81, 250, 201
85, 252, 203
93, 254, 204
99, 253, 204
105, 251, 203
113, 251, 204
88, 255, 206
87, 254, 205
87, 254, 205
87, 254, 205
85, 254, 205
84, 254, 205
82, 255, 205
82, 255, 205
80, 255, 205
81, 255, 206
80, 255, 205
80, 255, 205
80, 255, 205
82, 255, 205
81, 254, 204
83, 253, 204
83, 253, 204
77, 252, 202
82, 255, 205
86, 255, 204
93, 254, 204
97, 251, 202
102, 250, 202
76, 249, 199
84, 253, 204
84, 253, 204
84, 253, 204
83, 253, 204
81, 254, 204
79, 254, 204
79, 254, 204
77, 254, 204
78, 255, 205
78, 255, 205
80, 255, 205
80, 255, 205
81, 254, 204
81, 254, 204
83, 253, 204
81, 254, 204
78, 255, 205
78, 255, 205
83, 255, 204
87, 254, 203
91, 252, 202
97, 251, 202
71, 248, 198
80, 253, 203
82, 252, 203
82, 252, 203
80, 253, 203
78, 253, 203
76, 253, 203
76, 253, 203
74, 254, 203
76, 255, 205
76, 255, 205
78, 255, 205
77, 254, 204
79, 254, 204
79, 254, 204
80, 253, 203
78, 253, 203
77, 255, 206
75, 255, 204
78, 253, 203
84, 253, 204
89, 254, 203
93, 254, 204
77, 255, 206
78, 253, 203
80, 253, 203
80, 253, 203
78, 253, 203
76, 253, 203
74, 254, 203
74, 254, 203
74, 254, 203
76, 255, 205
76, 255, 205
77, 254, 204
77, 254, 204
79, 254, 204
79, 254, 204
80, 253, 203
78, 253, 203
78, 255, 205
76, 253, 203
78, 251, 201
82, 252, 203
88, 255, 204
94, 255, 206
75, 255, 204
79, 254, 204
79, 254, 204
79, 254, 204
79, 254, 204
77, 254, 204
75, 255, 204
75, 255, 204
74, 255, 204
75, 255, 204
75, 255, 204
77, 254, 204
77, 254, 204
79, 254, 204
79, 254, 204
81, 254, 204
81, 254, 204
79, 254, 204
81, 254, 204
84, 254, 205
85, 254, 205
88, 255, 204
91, 255, 205
77, 254, 204
79, 254, 204
79, 254, 204
79, 254, 204
77, 254, 204
75, 255, 204
75, 255, 204
74, 255, 204
74, 255, 204
75, 255, 204
75, 255, 204
77, 254, 204
77, 254, 204
79, 254, 204
81, 254, 204
81, 254, 204
83, 253, 204
83, 253, 204
83, 253, 204
85, 254, 205
87, 254, 205
88, 255, 204
90, 255, 204
78, 252, 204
79, 254, 204
79, 254, 204
77, 254, 204
77, 254, 204
75, 255, 204
75, 255, 204
75, 255, 204
75, 255, 204
75, 255, 204
75, 255, 204
77, 254, 204
79, 254, 204
81, 254, 204
81, 254, 204
83, 253, 204
84, 253, 204
85, 253, 206
87, 253, 206
87, 254, 205
87, 254, 205
87, 254, 203
88, 255, 204
78, 252, 204
79, 254, 204
79, 254, 204
77, 254, 204
77, 254, 204
77, 254, 204
75, 255, 204
75, 255, 204
75, 255, 204
75, 255, 204
77, 254, 204
79, 254, 204
81, 254, 204
81, 254, 204
83, 253, 204
84, 253, 204
84, 253, 204
87, 253, 206
87, 253, 206
87, 254, 205
87, 254, 205
87, 254, 203
85, 255, 203
78, 252, 204
79, 254, 204
79, 254, 204
79, 254, 204
77, 254, 204
77, 254, 204
77, 254, 204
77, 254, 204
77, 254, 204
77, 254, 204
77, 254, 204
79, 254, 204
81, 254, 204
83, 253, 204
84, 253, 204
84, 253, 204
86, 253, 204
85, 253, 206
85, 253, 206
85, 254, 205
85, 254, 205
84, 255, 203
82, 255, 203
77, 251, 203
79, 254, 204
79, 254, 204
79, 254, 204
79, 254, 204
77, 254, 204
77, 254, 204
77, 254, 204
77, 254, 204
77, 254, 204
79, 254, 204
81, 254, 204
83, 253, 204
84, 253, 204
84, 253, 204
86, 253, 204
86, 253, 204
84, 252, 205
84, 252, 205
84, 253, 204
83, 253, 204
81, 254, 202
80, 255, 203
77, 251, 203
79, 254, 204
81, 254, 204
79, 254, 204
79, 254, 204
77, 254, 204
77, 254, 204
77, 254, 204
77, 254, 204
79, 254, 204
79, 254, 204
81, 254, 204
83, 253, 204
84, 253, 204
86, 253, 204
88, 252, 204
86, 253, 204
83, 251, 204
82, 252, 204
82, 252, 203
81, 254, 204
77, 255, 202
76, 255, 203
73, 253, 202
77, 254, 204
77, 255, 202
77, 255, 202
77, 255, 202
77, 254, 204
77, 255, 202
77, 254, 204
77, 254, 204
79, 254, 204
79, 254, 204
81, 254, 204
83, 253, 204
84, 253, 204
84, 253, 204
86, 253, 204
86, 253, 204
82, 250, 203
82, 250, 203
83, 252, 203
81, 254, 204
79, 255, 202
76, 255, 203
68, 255, 199
69, 255, 200
71, 255, 200
72, 255, 201
74, 255, 201
74, 255, 202
75, 255, 201
76, 255, 203
76, 255, 203
76, 254, 201
78, 254, 201
79, 254, 204
81, 254, 204
81, 254, 204
81, 254, 204
82, 255, 205
84, 254, 205
89, 253, 206
88, 252, 205
88, 252, 205
85, 252, 203
83, 253, 201
81, 254, 202
68, 255, 202
67, 255, 198
69, 255, 198
69, 255, 200
72, 255, 201
74, 255, 201
75, 255, 201
76, 255, 202
78, 255, 202
76, 254, 201
76, 254, 201
79, 254, 204
79, 254, 204
79, 254, 204
79, 254, 204
80, 255, 205
84, 254, 205
87, 253, 206
90, 251, 205
88, 252, 205
85, 251, 204
83, 252, 203
81, 254, 202
67, 255, 198
69, 255, 198
71, 255, 198
71, 255, 200
73, 255, 200
74, 255, 201
75, 255, 201
77, 255, 201
79, 255, 201
78, 254, 201
78, 254, 201
81, 254, 204
81, 254, 204
81, 254, 204
81, 254, 204
82, 255, 205
82, 255, 205
85, 253, 206
85, 253, 206
84, 252, 205
83, 253, 205
81, 254, 204
79, 254, 204
66, 255, 197
72, 255, 197
73, 255, 198
74, 255, 200
74, 255, 200
74, 255, 200
77, 255, 201
79, 255, 201
79, 255, 201
78, 254, 201
78, 254, 201
81, 254, 204
81, 254, 204
81, 254, 204
81, 254, 204
82, 255, 205
82, 255, 205
82, 254, 206
82, 254, 206
81, 253, 205
79, 253, 205
79, 254, 204
77, 254, 204
70, 255, 199
73, 255, 197
73, 255, 197
75, 254, 199
76, 255, 200
76, 255, 200
76, 255, 200
79, 255, 201
79, 255, 201
78, 254, 201
78, 254, 201
79, 254, 204
79, 254, 204
81, 254, 204
81, 254, 204
82, 255, 205
80, 255, 205
77, 255, 207
76, 254, 207
76, 255, 206
75, 254, 205
75, 255, 204
78, 255, 205
71, 254, 196
75, 255, 197
75, 255, 197
75, 254, 199
75, 254, 199
76, 255, 200
76, 255, 200
76, 255, 200
76, 255, 200
76, 254, 201
76, 254, 201
77, 254, 204
79, 254, 204
79, 254, 204
79, 254, 204
82, 255, 205
78, 255, 205
76, 255, 208
74, 255, 208
73, 255, 206
75, 255, 206
76, 255, 205
78, 255, 205
74, 252, 193
77, 254, 197
77, 254, 197
77, 253, 199
77, 253, 199
76, 255, 200
76, 255, 200
76, 255, 200
74, 255, 200
74, 254, 201
74, 254, 201
75, 255, 204
77, 254, 204
77, 254, 204
77, 254, 204
80, 255, 205
76, 255, 205
72, 255, 208
70, 255, 208
73, 255, 206
75, 255, 206
78, 255, 206
80, 254, 206
84, 255, 198
80, 252, 196
79, 254, 197
79, 253, 199
77, 253, 199
77, 253, 199
76, 255, 200
74, 255, 200
74, 255, 200
73, 255, 201
73, 255, 201
75, 255, 204
75, 255, 204
77, 254, 204
77, 254, 204
78, 255, 205
76, 255, 205
72, 255, 208
72, 255, 208
75, 255, 206
78, 255, 206
82, 254, 206
85, 253, 206
91, 254, 199
82, 251, 195
84, 255, 199
85, 255, 203
80, 254, 200
75, 251, 197
75, 254, 199
74, 255, 200
73, 254, 199
71, 253, 199
71, 253, 199
72, 253, 202
73, 254, 203
76, 255, 205
76, 255, 205
78, 255, 205
75, 255, 204
71, 251, 203
78, 255, 209
84, 255, 211
85, 254, 208
87, 251, 204
92, 252, 206
